seq_ID	seq_start	seq_end	depth	GC	A	T	G	C
FP929042	1	2000	2759	41.7	21.3	16.65	23.95	17.75
FP929042	2001	4000	1772	34.35	22.85	13.95	20.35	14.0
FP929042	4001	6000	2901	50.7	26.8	22.5	30.25	20.45
FP929042	6001	8000	295	38.4	30.55	31.05	21.4	17.0
FP929042	8001	10000	302	39.65	33.6	26.75	21.85	17.8
FP929042	10001	12000	361	44.15	29.15	26.7	25.7	18.45
FP929042	12001	14000	395	43.5	32.05	24.45	26.35	17.15
FP929042	14001	16000	282	46.65	29.65	23.7	27.45	19.2
FP929042	16001	18000	376	46.05	33.65	20.3	26.8	19.25
FP929042	18001	20000	405	40.6	33.95	25.45	23.5	17.1
FP929042	20001	22000	394	32.05	37.5	30.45	21.55	10.5
FP929042	22001	24000	375	33.0	31.55	35.45	20.65	12.35
FP929042	24001	26000	346	34.45	34.9	30.65	22.7	11.75
FP929042	26001	28000	395	32.95	36.25	30.8	21.85	11.1
FP929042	28001	30000	384	34.7	34.05	31.25	22.65	12.05
FP929042	30001	32000	401	43.95	28.5	27.55	26.15	17.8
FP929042	32001	34000	375	40.05	31.45	28.5	21.95	18.1
FP929042	34001	36000	392	41.75	33.35	24.9	23.6	18.15
FP929042	36001	38000	212	30.45	22.25	18.7	18.05	12.4
FP929042	38001	40000	416	45.95	28.15	25.9	25.2	20.75
FP929042	40001	42000	389	45.35	29.05	25.6	25.75	19.6
FP929042	42001	44000	409	46.35	28.7	24.95	24.85	21.5
FP929042	44001	46000	408	44.15	31.75	24.1	24.2	19.95
FP929042	46001	48000	419	44.3	30.25	25.45	25.25	19.05
FP929042	48001	50000	414	44.05	29.25	26.7	24.4	19.65
FP929042	50001	52000	406	32.0	36.35	31.65	20.3	11.7
FP929042	52001	54000	336	31.45	33.75	34.8	19.65	11.8
FP929042	54001	56000	167	15.8	18.95	14.1	11.25	4.55
FP929042	56001	58000	364	41.5	32.2	26.3	25.6	15.9
FP929042	58001	60000	372	40.8	32.5	26.7	25.65	15.15
FP929042	60001	62000	398	43.55	32.6	23.85	26.25	17.3
FP929042	62001	64000	401	45.4	31.75	22.85	29.1	16.3
FP929042	64001	66000	398	42.35	29.8	27.85	24.95	17.4
FP929042	66001	68000	314	40.85	34.3	24.85	23.95	16.9
FP929042	68001	70000	287	43.6	32.8	23.6	25.6	18.0
FP929042	70001	72000	367	44.15	31.2	24.65	25.15	19.0
FP929042	72001	74000	412	41.3	31.25	27.45	21.3	20.0
FP929042	74001	76000	407	41.6	35.85	22.55	24.3	17.3
FP929042	76001	78000	415	42.35	33.7	23.95	24.85	17.5
FP929042	78001	80000	424	40.75	34.9	24.35	24.25	16.5
FP929042	80001	82000	414	39.1	35.15	25.75	22.95	16.15
FP929042	82001	84000	395	40.7	32.2	27.1	23.3	17.4
FP929042	84001	86000	392	42.15	30.75	27.1	24.7	17.45
FP929042	86001	88000	403	38.35	35.25	26.4	22.45	15.9
FP929042	88001	90000	378	40.5	33.25	26.25	23.8	16.7
FP929042	90001	92000	423	40.05	29.1	30.85	20.7	19.35
FP929042	92001	94000	384	43.4	26.45	30.15	22.05	21.35
FP929042	94001	96000	379	40.75	30.05	29.2	22.4	18.35
FP929042	96001	98000	392	45.4	31.2	23.4	25.85	19.55
FP929042	98001	100000	186	30.5	24.55	18.05	17.95	12.55
FP929042	100001	102000	399	44.3	30.85	24.85	28.4	15.9
FP929042	102001	104000	407	47.5	29.7	22.8	28.65	18.85
FP929042	104001	106000	392	44.45	32.8	22.75	26.0	18.45
FP929042	106001	108000	393	43.85	32.6	23.55	26.35	17.5
FP929042	108001	110000	395	42.0	29.4	28.6	23.8	18.2
FP929042	110001	112000	418	44.7	30.75	24.55	25.3	19.4
FP929042	112001	114000	366	40.15	33.75	26.1	24.0	16.15
FP929042	114001	116000	408	43.75	31.35	24.9	24.85	18.9
FP929042	116001	118000	379	44.05	32.95	23.0	24.6	19.45
FP929042	118001	120000	347	44.45	34.05	21.5	23.25	21.2
FP929042	120001	122000	295	41.3	33.1	25.6	23.85	17.45
FP929042	122001	124000	378	38.45	34.7	26.85	21.9	16.55
FP929042	124001	126000	405	41.55	33.15	25.3	24.35	17.2
FP929042	126001	128000	384	41.25	31.8	26.95	22.75	18.5
FP929042	128001	130000	369	44.85	30.05	25.1	27.7	17.15
FP929042	130001	132000	388	41.65	32.7	25.65	25.85	15.8
FP929042	132001	134000	378	44.3	31.45	24.25	26.3	18.0
FP929042	134001	136000	376	41.8	30.9	27.3	24.75	17.05
FP929042	136001	138000	385	41.5	29.05	29.45	21.95	19.55
FP929042	138001	140000	408	46.3	28.55	25.15	27.4	18.9
FP929042	140001	142000	394	46.15	29.65	24.2	26.5	19.65
FP929042	142001	144000	383	39.25	29.05	31.7	19.3	19.95
FP929042	144001	146000	315	42.2	29.0	28.8	23.35	18.85
FP929042	146001	148000	385	38.65	31.0	30.35	21.3	17.35
FP929042	148001	150000	403	40.1	30.8	29.1	22.8	17.3
FP929042	150001	152000	389	41.1	30.0	28.9	24.55	16.55
FP929042	152001	154000	344	42.2	32.3	25.5	25.25	16.95
FP929042	154001	156000	398	45.75	29.5	24.75	25.95	19.8
FP929042	156001	158000	359	36.35	29.0	34.65	17.8	18.55
FP929042	158001	160000	385	40.55	32.65	26.8	20.75	19.8
FP929042	160001	162000	378	41.95	31.5	26.55	23.9	18.05
FP929042	162001	164000	389	42.2	34.75	23.05	25.95	16.25
FP929042	164001	166000	394	40.0	33.45	26.55	22.85	17.15
FP929042	166001	168000	379	41.6	33.05	25.35	24.35	17.25
FP929042	168001	170000	343	39.65	32.7	23.85	19.8	19.85
FP929042	170001	172000	32	24.8	21.25	14.7	16.25	8.55
FP929042	172001	174000	0	21.35	21.6	17.75	13.8	7.55
FP929042	174001	176000	260	34.7	33.65	23.9	21.7	13.0
FP929042	176001	178000	384	43.0	32.95	24.05	28.1	14.9
FP929042	178001	180000	401	47.35	31.4	21.25	25.95	21.4
FP929042	180001	182000	382	44.9	31.9	23.2	25.65	19.25
FP929042	182001	184000	403	43.9	33.35	22.75	25.4	18.5
FP929042	184001	186000	417	43.1	31.25	25.65	27.15	15.95
FP929042	186001	188000	356	48.25	29.4	22.35	28.75	19.5
FP929042	188001	190000	404	46.05	30.8	23.15	26.8	19.25
FP929042	190001	192000	383	44.1	29.45	26.45	23.1	21.0
FP929042	192001	194000	390	45.6	25.9	28.5	24.15	21.45
FP929042	194001	196000	391	40.1	32.15	27.75	22.3	17.8
FP929042	196001	198000	397	41.65	32.2	26.15	23.9	17.75
FP929042	198001	200000	406	41.2	26.8	32.0	21.55	19.65
FP929042	200001	202000	339	43.3	29.55	27.15	26.55	16.75
FP929042	202001	204000	340	40.4	30.45	29.15	22.75	17.65
FP929042	204001	206000	387	41.85	32.85	25.3	26.35	15.5
FP929042	206001	208000	376	45.8	33.0	21.2	26.55	19.25
FP929042	208001	210000	302	43.5	32.55	23.95	25.1	18.4
FP929042	210001	212000	290	44.2	26.05	29.75	20.95	23.25
FP929042	212001	214000	399	51.4	25.95	22.65	30.9	20.5
FP929042	214001	216000	364	45.3	32.5	22.2	26.5	18.8
FP929042	216001	218000	0	41.4	34.0	24.6	25.05	16.35
FP929042	218001	220000	0	42.75	35.35	21.9	25.05	17.7
FP929042	220001	222000	0	40.65	36.0	23.35	25.4	15.25
FP929042	222001	224000	0	41.65	36.25	22.1	25.15	16.5
FP929042	224001	226000	0	37.75	39.05	23.2	22.85	14.9
FP929042	226001	228000	0	37.15	39.35	23.5	24.55	12.6
FP929042	228001	230000	0	28.15	30.2	19.0	18.1	10.05
FP929042	230001	232000	0	37.6	39.1	23.3	24.7	12.9
FP929042	232001	234000	0	38.55	35.05	26.4	25.15	13.4
FP929042	234001	236000	0	26.15	33.55	22.05	17.85	8.3
FP929042	236001	238000	0	30.25	42.95	26.8	21.8	8.45
FP929042	238001	240000	0	35.65	35.2	29.15	23.15	12.5
FP929042	240001	242000	0	39.6	34.05	26.35	24.05	15.55
FP929042	242001	244000	136	37.65	36.7	25.65	22.65	15.0
FP929042	244001	246000	353	48.2	28.95	22.85	28.3	19.9
FP929042	246001	248000	355	47.75	30.5	21.75	27.8	19.95
FP929042	248001	250000	221	42.6	29.4	28.0	21.45	21.15
FP929042	250001	252000	414	42.85	32.4	24.75	24.5	18.35
FP929042	252001	254000	64	32.25	36.45	31.3	22.15	10.1
FP929042	254001	256000	12	31.25	38.7	30.05	20.95	10.3
FP929042	256001	258000	14	33.7	36.9	29.4	22.45	11.25
FP929042	258001	260000	1	34.5	32.5	33.0	17.65	16.85
FP929042	260001	262000	0	34.25	34.8	30.95	22.15	12.1
FP929042	262001	264000	0	36.7	35.35	27.95	24.3	12.4
FP929042	264001	266000	0	32.4	35.05	32.55	21.15	11.25
FP929042	266001	268000	0	35.95	35.25	28.8	22.1	13.85
FP929042	268001	270000	0	16.45	16.4	15.65	9.45	7.0
FP929042	270001	272000	18	36.45	36.05	27.5	24.25	12.2
FP929042	272001	274000	20	34.45	36.15	29.4	21.25	13.2
FP929042	274001	276000	8	38.3	33.5	28.2	26.05	12.25
FP929042	276001	278000	51	31.5	37.45	31.05	20.55	10.95
FP929042	278001	280000	0	36.95	36.9	26.15	23.15	13.8
FP929042	280001	282000	169	35.85	36.5	27.65	23.1	12.75
FP929042	282001	284000	3	33.5	35.45	31.05	20.85	12.65
FP929042	284001	286000	0	37.65	32.75	29.6	23.3	14.35
FP929042	286001	288000	0	38.35	31.2	30.45	24.4	13.95
FP929042	288001	290000	2	37.95	32.75	29.3	23.0	14.95
FP929042	290001	292000	7	37.95	35.2	26.85	22.7	15.25
FP929042	292001	294000	6	38.1	33.3	28.6	22.55	15.55
FP929042	294001	296000	272	34.0	34.95	31.05	21.05	12.95
FP929042	296001	298000	366	37.25	34.4	28.35	21.4	15.85
FP929042	298001	300000	343	41.3	27.95	30.75	20.65	20.65
FP929042	300001	302000	360	42.35	31.2	26.45	22.25	20.1
FP929042	302001	304000	391	45.6	30.5	23.9	28.35	17.25
FP929042	304001	306000	374	42.15	28.35	29.5	21.1	21.05
FP929042	306001	308000	399	44.0	30.75	25.25	26.85	17.15
FP929042	308001	310000	229	46.65	29.05	24.3	25.45	21.2
FP929042	310001	312000	388	40.05	30.1	29.85	21.75	18.3
FP929042	312001	314000	390	42.3	29.3	28.4	25.05	17.25
FP929042	314001	316000	395	43.15	30.7	26.15	26.3	16.85
FP929042	316001	318000	359	38.8	34.3	26.9	24.45	14.35
FP929042	318001	320000	389	48.35	26.95	24.7	26.0	22.35
FP929042	320001	322000	385	42.05	27.5	30.45	22.3	19.75
FP929042	322001	324000	311	43.45	29.4	27.15	23.4	20.05
FP929042	324001	326000	372	42.95	31.6	25.45	25.55	17.4
FP929042	326001	328000	392	44.4	29.65	25.95	25.35	19.05
FP929042	328001	330000	321	45.5	34.15	20.35	24.75	20.75
FP929042	330001	332000	395	46.3	31.55	22.15	27.3	19.0
FP929042	332001	334000	379	48.45	30.75	20.8	27.8	20.65
FP929042	334001	336000	380	47.05	30.85	22.1	27.5	19.55
FP929042	336001	338000	397	45.4	32.05	22.55	25.15	20.25
FP929042	338001	340000	392	43.85	31.15	25.0	23.9	19.95
FP929042	340001	342000	393	42.7	28.9	28.4	23.8	18.9
FP929042	342001	344000	366	47.15	25.1	27.75	25.35	21.8
FP929042	344001	346000	392	46.25	22.65	31.1	23.85	22.4
FP929042	346001	348000	380	41.55	31.75	26.7	25.0	16.55
FP929042	348001	350000	386	42.1	32.35	25.55	24.6	17.5
FP929042	350001	352000	368	38.55	34.25	27.2	22.45	16.1
FP929042	352001	354000	373	40.05	31.25	28.7	24.15	15.9
FP929042	354001	356000	372	43.55	29.95	26.5	26.65	16.9
FP929042	356001	358000	352	44.05	31.3	24.65	25.0	19.05
FP929042	358001	360000	381	44.05	30.25	25.7	27.05	17.0
FP929042	360001	362000	385	45.05	31.55	23.4	27.05	18.0
FP929042	362001	364000	389	44.1	32.0	23.9	25.2	18.9
FP929042	364001	366000	414	44.4	32.2	23.4	26.95	17.45
FP929042	366001	368000	383	42.85	31.75	25.4	25.15	17.7
FP929042	368001	370000	384	45.45	29.6	24.95	24.2	21.25
FP929042	370001	372000	342	43.65	31.8	24.55	24.15	19.5
FP929042	372001	374000	390	45.05	29.15	25.8	26.0	19.05
FP929042	374001	376000	399	43.9	31.4	24.7	25.1	18.8
FP929042	376001	378000	347	43.0	32.2	24.8	23.3	19.7
FP929042	378001	380000	375	42.15	30.45	27.4	22.25	19.9
FP929042	380001	382000	386	44.5	30.05	25.45	26.1	18.4
FP929042	382001	384000	386	46.2	31.1	22.7	24.9	21.3
FP929042	384001	386000	358	43.05	30.65	26.3	23.3	19.75
FP929042	386001	388000	386	44.65	32.95	22.4	24.65	20.0
FP929042	388001	390000	385	42.1	31.95	25.95	25.65	16.45
FP929042	390001	392000	385	46.5	30.4	23.1	28.05	18.45
FP929042	392001	394000	391	43.3	32.35	24.35	26.6	16.7
FP929042	394001	396000	37	40.2	33.55	26.25	20.95	19.25
FP929042	396001	398000	218	42.0	34.15	23.85	23.3	18.7
FP929042	398001	400000	138	38.55	37.25	24.2	23.25	15.3
FP929042	400001	402000	24	35.75	35.4	28.85	19.5	16.25
FP929042	402001	404000	141	34.85	32.7	32.45	17.65	17.2
FP929042	404001	406000	479	41.45	27.6	30.95	23.75	17.7
FP929042	406001	408000	45	8.45	9.9	7.9	4.55	3.9
FP929042	408001	410000	896	36.25	27.3	26.3	18.95	17.3
FP929042	410001	412000	300	25.2	21.6	18.95	14.15	11.05
FP929042	412001	414000	65	37.6	33.2	29.2	24.45	13.15
FP929042	414001	416000	1	33.65	30.85	35.5	15.55	18.1
FP929042	416001	418000	276	39.05	35.7	25.25	23.85	15.2
FP929042	418001	420000	153	38.3	32.75	28.95	24.2	14.1
FP929042	420001	422000	357	35.75	38.0	26.25	23.8	11.95
FP929042	422001	424000	210	36.15	35.1	28.75	23.25	12.9
FP929042	424001	426000	13	40.5	32.65	26.85	26.55	13.95
FP929042	426001	428000	11	36.9	35.2	27.9	23.3	13.6
FP929042	428001	430000	18	36.25	35.35	28.4	21.4	14.85
FP929042	430001	432000	0	17.2	19.8	15.75	11.65	5.55
FP929042	432001	434000	34	34.5	35.5	30.0	22.8	11.7
FP929042	434001	436000	60	39.05	30.95	30.0	22.5	16.55
FP929042	436001	438000	186	38.15	31.05	30.8	21.45	16.7
FP929042	438001	440000	440	43.3	30.8	25.9	27.0	16.3
FP929042	440001	442000	285	36.95	33.1	29.95	21.7	15.25
FP929042	442001	444000	44	38.85	38.1	23.05	21.0	17.85
FP929042	444001	446000	159	25.1	27.75	21.75	14.2	10.9
FP929042	446001	448000	440	37.15	35.65	27.2	23.45	13.7
FP929042	448001	450000	519	38.45	33.75	27.8	23.35	15.1
FP929042	450001	452000	152	36.85	36.35	26.8	21.4	15.45
FP929042	452001	454000	403	40.95	32.75	26.3	21.4	19.55
FP929042	454001	456000	409	40.15	32.05	27.8	25.5	14.65
FP929042	456001	458000	482	38.8	33.55	27.65	23.7	15.1
FP929042	458001	460000	267	21.1	25.05	20.35	13.7	7.4
FP929042	460001	462000	176	15.0	16.45	14.1	8.15	6.85
FP929042	462001	464000	472	40.75	30.45	28.8	22.8	17.95
FP929042	464001	466000	453	37.1	31.9	31.0	21.1	16.0
FP929042	466001	468000	516	37.7	27.25	35.05	17.7	20.0
FP929042	468001	470000	676	42.65	22.0	35.35	19.25	23.4
FP929042	470001	472000	668	40.1	32.1	27.8	21.25	18.85
FP929042	472001	474000	162	35.45	35.15	29.4	21.2	14.25
FP929042	474001	476000	163	38.45	33.25	28.3	20.45	18.0
FP929042	476001	478000	265	37.1	34.5	28.4	21.9	15.2
FP929042	478001	480000	268	25.05	22.9	18.25	15.2	9.85
FP929042	480001	482000	411	38.15	32.45	29.4	23.5	14.65
FP929042	482001	484000	288	39.85	28.0	25.75	23.0	16.85
FP929042	484001	486000	244	29.75	16.6	23.15	17.05	12.7
FP929042	486001	488000	4	35.45	29.3	28.3	19.95	15.5
FP929042	488001	490000	0	16.0	14.85	10.25	7.6	8.4
FP929042	490001	492000	5	33.1	29.2	22.3	18.0	15.1
FP929042	492001	494000	342	31.9	31.8	27.7	18.0	13.9
FP929042	494001	496000	402	45.95	29.05	25.0	28.0	17.95
FP929042	496001	498000	423	44.5	30.5	25.0	26.6	17.9
FP929042	498001	500000	404	46.5	29.5	24.0	27.7	18.8
FP929042	500001	502000	309	46.25	28.35	25.4	26.7	19.55
FP929042	502001	504000	403	41.85	30.2	27.95	20.5	21.35
FP929042	504001	506000	342	35.95	31.0	27.5	20.85	15.1
FP929042	506001	508000	0	14.4	14.55	10.75	9.4	5.0
FP929042	508001	510000	0	13.0	17.95	12.8	8.55	4.45
FP929042	510001	512000	3	16.75	19.25	14.15	10.85	5.9
FP929042	512001	514000	3	31.95	37.1	30.95	20.9	11.05
FP929042	514001	516000	58	19.3	18.5	12.65	12.75	6.55
FP929042	516001	518000	18	29.45	39.6	30.95	19.35	10.1
FP929042	518001	520000	394	44.35	33.6	22.05	27.25	17.1
FP929042	520001	522000	170	43.05	33.75	23.2	25.35	17.7
FP929042	522001	524000	0	42.0	29.55	28.45	23.05	18.95
FP929042	524001	526000	104	40.55	31.4	28.05	23.05	17.5
FP929042	526001	528000	362	39.65	33.25	27.1	24.4	15.25
FP929042	528001	530000	416	39.9	32.95	27.15	24.45	15.45
FP929042	530001	532000	399	41.1	30.45	28.45	24.75	16.35
FP929042	532001	534000	399	42.25	32.2	25.55	24.2	18.05
FP929042	534001	536000	348	45.2	32.5	22.3	25.05	20.15
FP929042	536001	538000	351	46.1	27.3	26.6	22.55	23.55
FP929042	538001	540000	401	41.25	31.25	27.5	23.05	18.2
FP929042	540001	542000	376	44.05	31.35	24.6	26.0	18.05
FP929042	542001	544000	372	46.2	29.25	24.55	28.1	18.1
FP929042	544001	546000	396	45.95	29.6	24.45	26.6	19.35
FP929042	546001	548000	416	46.55	31.85	21.6	27.2	19.35
FP929042	548001	550000	400	48.85	32.4	18.75	27.8	21.05
FP929042	550001	552000	400	43.35	30.7	25.95	24.65	18.7
FP929042	552001	554000	399	46.15	32.4	21.45	26.45	19.7
FP929042	554001	556000	413	43.35	33.9	22.75	24.1	19.25
FP929042	556001	558000	374	46.65	31.05	22.3	26.55	20.1
FP929042	558001	560000	424	49.4	30.75	19.85	25.35	24.05
FP929042	560001	562000	419	44.6	34.5	20.9	25.2	19.4
FP929042	562001	564000	342	43.2	35.1	21.7	24.3	18.9
FP929042	564001	566000	417	46.25	27.0	26.75	23.95	22.3
FP929042	566001	568000	256	39.7	28.6	31.7	21.9	17.8
FP929042	568001	570000	324	40.15	33.7	26.15	22.9	17.25
FP929042	570001	572000	221	42.2	32.8	25.0	24.0	18.2
FP929042	572001	574000	322	45.6	31.8	22.6	26.6	19.0
FP929042	574001	576000	244	32.25	17.65	18.3	18.35	13.9
FP929042	576001	578000	329	35.95	29.5	22.9	22.1	13.85
FP929042	578001	580000	435	37.95	33.55	28.5	24.3	13.65
FP929042	580001	582000	324	34.4	36.35	29.25	21.6	12.8
FP929042	582001	584000	367	36.9	32.4	30.7	23.0	13.9
FP929042	584001	586000	408	36.8	32.35	30.85	22.95	13.85
FP929042	586001	588000	408	41.6	32.55	25.85	24.15	17.45
FP929042	588001	590000	408	45.2	29.8	25.0	27.75	17.45
FP929042	590001	592000	403	44.1	29.5	26.4	25.45	18.65
FP929042	592001	594000	429	44.25	27.25	28.5	25.7	18.55
FP929042	594001	596000	435	44.8	27.6	27.6	25.65	19.15
FP929042	596001	598000	424	46.4	30.8	22.8	28.2	18.2
FP929042	598001	600000	429	45.55	30.9	23.55	26.5	19.05
FP929042	600001	602000	398	45.75	32.2	22.05	28.05	17.7
FP929042	602001	604000	450	45.5	28.7	25.8	26.35	19.15
FP929042	604001	606000	440	44.35	30.7	24.95	26.0	18.35
FP929042	606001	608000	432	46.15	29.95	23.9	27.2	18.95
FP929042	608001	610000	437	47.85	29.3	22.85	27.7	20.15
FP929042	610001	612000	390	45.3	30.5	24.2	25.15	20.15
FP929042	612001	614000	422	40.8	34.5	24.7	23.55	17.25
FP929042	614001	616000	269	43.8	34.85	21.35	23.8	20.0
FP929042	616001	618000	103	41.7	33.1	25.2	24.85	16.85
FP929042	618001	620000	420	47.0	32.35	20.65	26.9	20.1
FP929042	620001	622000	411	46.55	30.35	23.1	26.35	20.2
FP929042	622001	624000	399	47.3	29.4	23.3	27.85	19.45
FP929042	624001	626000	410	43.6	31.95	24.45	25.7	17.9
FP929042	626001	628000	406	41.95	31.35	26.7	23.35	18.6
FP929042	628001	630000	355	40.65	29.0	30.35	22.4	18.25
FP929042	630001	632000	334	43.55	35.05	21.4	25.1	18.45
FP929042	632001	634000	323	45.2	33.95	20.85	24.25	20.95
FP929042	634001	636000	405	45.3	31.8	22.9	26.95	18.35
FP929042	636001	638000	389	45.35	30.95	23.7	25.45	19.9
FP929042	638001	640000	399	43.45	32.25	24.3	25.05	18.4
FP929042	640001	642000	450	31.05	37.6	31.35	18.15	12.9
FP929042	642001	644000	78	34.05	37.0	28.95	22.2	11.85
FP929042	644001	646000	0	37.45	36.0	26.55	22.4	15.05
FP929042	646001	648000	0	32.0	39.0	29.0	20.65	11.35
FP929042	648001	650000	171	32.95	31.4	35.65	22.5	10.45
FP929042	650001	652000	9	15.0	18.05	16.85	9.75	5.25
FP929042	652001	654000	200	35.75	35.1	29.15	23.5	12.25
FP929042	654001	656000	306	35.45	36.15	28.4	22.4	13.05
FP929042	656001	658000	379	39.65	31.15	29.2	25.0	14.65
FP929042	658001	660000	380	41.35	27.5	31.15	24.0	17.35
FP929042	660001	662000	145	16.65	13.75	16.4	9.45	7.2
FP929042	662001	664000	38	37.6	32.85	25.6	23.5	14.1
FP929042	664001	666000	333	40.35	30.9	28.75	21.0	19.35
FP929042	666001	668000	307	44.75	27.85	27.4	24.15	20.6
FP929042	668001	670000	397	42.25	28.85	28.9	26.05	16.2
FP929042	670001	672000	390	41.1	31.6	27.3	24.35	16.75
FP929042	672001	674000	360	42.0	31.65	26.35	26.55	15.45
FP929042	674001	676000	404	41.25	31.05	27.7	24.05	17.2
FP929042	676001	678000	372	42.45	33.1	24.45	23.75	18.7
FP929042	678001	680000	373	40.2	32.65	27.15	23.75	16.45
FP929042	680001	682000	368	40.65	29.35	30.0	24.6	16.05
FP929042	682001	684000	351	46.05	27.45	26.5	26.25	19.8
FP929042	684001	686000	360	43.85	27.2	28.95	21.2	22.65
FP929042	686001	688000	250	42.7	32.5	24.8	25.95	16.75
FP929042	688001	690000	0	29.5	33.7	36.8	16.25	13.25
FP929042	690001	692000	0	33.3	35.3	31.4	22.1	11.2
FP929042	692001	694000	0	3.1	3.35	1.8	2.2	0.9
FP929042	694001	696000	0	39.1	33.3	26.25	22.85	16.25
FP929042	696001	698000	0	33.3	35.8	30.9	21.65	11.65
FP929042	698001	700000	113	28.95	35.7	35.35	19.1	9.85
FP929042	700001	702000	182	36.0	35.05	28.95	21.75	14.25
FP929042	702001	704000	93	15.9	10.3	9.05	8.95	6.95
FP929042	704001	706000	281	37.05	27.05	25.1	21.05	16.0
FP929042	706001	708000	405	40.5	32.65	26.85	24.1	16.4
FP929042	708001	710000	391	44.1	31.65	24.25	27.15	16.95
FP929042	710001	712000	386	42.45	30.8	26.75	26.0	16.45
FP929042	712001	714000	396	46.05	32.35	21.6	25.5	20.55
FP929042	714001	716000	400	45.25	29.05	25.7	27.7	17.55
FP929042	716001	718000	377	43.1	31.9	25.0	24.95	18.15
FP929042	718001	720000	386	42.05	34.3	23.65	21.8	20.25
FP929042	720001	722000	159	43.2	35.8	21.0	24.0	19.2
FP929042	722001	724000	279	41.5	26.8	31.7	25.4	16.1
FP929042	724001	726000	301	44.75	29.45	25.8	27.0	17.75
FP929042	726001	728000	395	41.85	31.75	26.4	24.7	17.15
FP929042	728001	730000	345	49.9	28.65	21.45	28.45	21.45
FP929042	730001	732000	392	46.3	29.45	24.25	26.6	19.7
FP929042	732001	734000	399	46.85	30.35	22.8	27.15	19.7
FP929042	734001	736000	375	43.85	31.15	25.0	24.15	19.7
FP929042	736001	738000	378	42.2	30.35	27.45	24.8	17.4
FP929042	738001	740000	343	41.85	31.4	26.75	23.3	18.55
FP929042	740001	742000	101	49.1	28.55	22.35	26.5	22.6
FP929042	742001	744000	98	48.25	29.15	22.6	27.55	20.7
FP929042	744001	746000	49	28.85	16.25	14.2	16.15	12.7
FP929042	746001	748000	130	49.3	24.7	26.0	26.7	22.6
FP929042	748001	750000	175	49.0	27.6	23.4	24.5	24.5
FP929042	750001	752000	188	53.15	26.55	20.3	28.0	25.15
FP929042	752001	754000	89	52.1	26.95	20.95	29.7	22.4
FP929042	754001	756000	213	54.3	25.3	20.4	29.2	25.1
FP929042	756001	758000	181	49.7	30.3	20.0	26.15	23.55
FP929042	758001	760000	158	51.95	26.8	21.25	28.2	23.75
FP929042	760001	762000	216	54.25	25.3	20.45	28.3	25.95
FP929042	762001	764000	211	54.4	25.75	19.85	28.45	25.95
FP929042	764001	766000	145	55.45	24.4	20.15	28.15	27.3
FP929042	766001	768000	192	53.75	26.0	20.25	27.65	26.1
FP929042	768001	770000	125	52.55	27.05	20.4	28.0	24.55
FP929042	770001	772000	189	44.85	25.05	30.1	24.35	20.5
FP929042	772001	774000	177	47.65	29.25	23.1	26.2	21.45
FP929042	774001	776000	40	42.55	29.6	27.85	23.75	18.8
FP929042	776001	778000	35	42.5	28.8	28.7	23.1	19.4
FP929042	778001	780000	43	42.5	28.4	29.1	22.85	19.65
FP929042	780001	782000	155	45.7	29.0	25.3	25.85	19.85
FP929042	782001	784000	126	45.75	30.4	23.85	25.6	20.15
FP929042	784001	786000	4	38.15	34.5	27.35	24.0	14.15
FP929042	786001	788000	0	30.4	37.65	31.95	20.25	10.15
FP929042	788001	790000	0	29.3	33.05	27.8	18.25	11.05
FP929042	790001	792000	6	5.3	7.0	3.7	3.7	1.6
FP929042	792001	794000	351	41.9	31.35	26.75	26.1	15.8
FP929042	794001	796000	385	42.65	34.4	22.95	25.3	17.35
FP929042	796001	798000	384	40.05	34.75	25.2	22.95	17.1
FP929042	798001	800000	299	41.45	33.2	25.35	24.2	17.25
FP929042	800001	802000	378	44.6	31.0	24.4	26.35	18.25
FP929042	802001	804000	383	43.8	34.1	22.1	25.4	18.4
FP929042	804001	806000	356	45.9	31.25	22.85	25.4	20.5
FP929042	806001	808000	269	43.1	33.25	23.65	25.1	18.0
FP929042	808001	810000	388	43.8	32.65	23.55	24.8	19.0
FP929042	810001	812000	331	45.3	34.05	20.65	23.95	21.35
FP929042	812001	814000	336	43.6	31.8	24.6	25.85	17.75
FP929042	814001	816000	399	46.95	28.65	24.4	26.55	20.4
FP929042	816001	818000	338	40.45	29.15	30.4	22.15	18.3
FP929042	818001	820000	345	38.7	30.3	31.0	23.2	15.5
FP929042	820001	822000	252	36.85	41.55	21.6	19.05	17.8
FP929042	822001	824000	390	43.6	31.4	25.0	23.85	19.75
FP929042	824001	826000	352	42.85	31.8	25.35	24.25	18.6
FP929042	826001	828000	372	42.5	30.45	27.05	24.5	18.0
FP929042	828001	830000	298	46.15	26.8	27.05	20.95	25.2
FP929042	830001	832000	337	43.35	32.7	23.95	23.15	20.2
FP929042	832001	834000	335	43.05	32.7	24.25	25.7	17.35
FP929042	834001	836000	389	46.35	31.1	22.55	25.6	20.75
FP929042	836001	838000	378	47.0	30.9	22.1	26.35	20.65
FP929042	838001	840000	304	43.9	32.55	23.55	24.6	19.3
FP929042	840001	842000	211	36.75	33.4	29.85	20.5	16.25
FP929042	842001	844000	394	48.4	28.9	22.7	27.2	21.2
FP929042	844001	846000	294	44.85	33.4	21.75	25.05	19.8
FP929042	846001	848000	397	49.1	30.65	20.25	27.6	21.5
FP929042	848001	850000	401	47.55	31.4	21.05	25.6	21.95
FP929042	850001	852000	232	44.3	33.65	22.05	24.7	19.6
FP929042	852001	854000	42	33.8	37.75	28.45	21.6	12.2
FP929042	854001	856000	196	41.25	33.3	25.45	25.2	16.05
FP929042	856001	858000	0	34.7	35.25	30.05	21.75	12.95
FP929042	858001	860000	10	42.2	30.95	26.85	24.5	17.7
FP929042	860001	862000	0	36.15	31.0	32.85	21.9	14.25
FP929042	862001	864000	0	32.85	36.25	30.9	21.75	11.1
FP929042	864001	866000	0	37.6	33.1	29.3	22.55	15.05
FP929042	866001	868000	0	35.85	32.6	31.55	23.15	12.7
FP929042	868001	870000	0	30.8	34.5	34.7	19.4	11.4
FP929042	870001	872000	122	33.35	36.25	30.4	21.7	11.65
FP929042	872001	874000	350	37.6	34.55	27.85	23.25	14.35
FP929042	874001	876000	327	38.65	32.4	28.95	22.55	16.1
FP929042	876001	878000	400	45.5	26.15	28.35	28.15	17.35
FP929042	878001	880000	319	42.2	26.15	31.65	23.55	18.65
FP929042	880001	882000	298	44.8	31.0	24.2	25.9	18.9
FP929042	882001	884000	387	45.7	29.5	24.8	26.75	18.95
FP929042	884001	886000	335	44.3	31.5	24.2	21.25	23.05
FP929042	886001	888000	400	45.8	25.85	28.35	22.75	23.05
FP929042	888001	890000	392	47.45	22.35	30.2	22.8	24.65
FP929042	890001	892000	301	43.8	32.4	23.8	23.65	20.15
FP929042	892001	894000	343	45.35	31.15	23.5	24.5	20.85
FP929042	894001	896000	407	42.15	30.6	27.25	27.25	14.9
FP929042	896001	898000	281	43.3	27.45	29.25	23.25	20.05
FP929042	898001	900000	0	38.9	32.05	29.05	24.4	14.5
FP929042	900001	902000	47	39.15	33.3	27.55	24.75	14.4
FP929042	902001	904000	371	38.85	34.75	26.4	24.25	14.6
FP929042	904001	906000	373	44.2	29.6	26.2	24.45	19.75
FP929042	906001	908000	321	43.05	34.45	22.5	22.05	21.0
FP929042	908001	910000	387	45.2	34.2	20.6	25.0	20.2
FP929042	910001	912000	390	45.8	32.95	21.25	24.8	21.0
FP929042	912001	914000	387	44.3	29.6	26.1	24.85	19.45
FP929042	914001	916000	373	42.35	31.45	26.2	25.45	16.9
FP929042	916001	918000	314	45.6	26.55	27.85	26.1	19.5
FP929042	918001	920000	346	34.9	36.7	28.4	21.95	12.95
FP929042	920001	922000	185	33.6	34.4	32.0	17.9	15.7
FP929042	922001	924000	20	43.1	35.4	21.5	25.3	17.8
FP929042	924001	926000	1	17.65	22.2	20.7	10.45	7.2
FP929042	926001	928000	0	24.1	38.95	34.85	12.75	11.35
FP929042	928001	930000	54	34.1	30.95	34.95	16.0	18.1
FP929042	930001	932000	0	32.2	30.3	37.5	10.35	21.85
FP929042	932001	934000	0	30.15	31.0	38.85	11.1	19.05
FP929042	934001	936000	0	21.25	21.3	24.7	6.9	14.35
FP929042	936001	938000	249	37.7	27.95	34.35	15.25	22.45
FP929042	938001	940000	292	42.1	24.95	32.95	17.25	24.85
FP929042	940001	942000	281	39.85	30.65	29.5	18.8	21.05
FP929042	942001	944000	351	42.7	30.1	27.2	19.65	23.05
FP929042	944001	946000	338	43.3	29.25	27.45	19.6	23.7
FP929042	946001	948000	358	44.1	25.6	30.3	18.9	25.2
FP929042	948001	950000	335	41.6	26.65	31.75	18.55	23.05
FP929042	950001	952000	358	43.05	27.15	29.8	18.45	24.6
FP929042	952001	954000	351	42.75	26.3	30.95	18.3	24.45
FP929042	954001	956000	347	41.55	28.4	30.05	20.0	21.55
FP929042	956001	958000	348	39.6	25.5	34.9	16.05	23.55
FP929042	958001	960000	341	44.25	25.8	29.95	19.6	24.65
FP929042	960001	962000	355	44.85	24.35	30.8	19.15	25.7
FP929042	962001	964000	341	42.7	28.25	29.05	18.2	24.5
FP929042	964001	966000	341	40.55	28.25	31.2	15.15	25.4
FP929042	966001	968000	247	41.45	25.3	33.25	16.65	24.8
FP929042	968001	970000	350	42.1	24.25	33.65	16.1	26.0
FP929042	970001	972000	333	42.85	25.2	31.95	17.35	25.5
FP929042	972001	974000	367	42.8	25.05	32.15	16.15	26.65
FP929042	974001	976000	340	43.8	25.45	30.75	18.2	25.6
FP929042	976001	978000	343	46.1	23.75	30.15	17.6	28.5
FP929042	978001	980000	354	46.15	21.85	32.0	18.15	28.0
FP929042	980001	982000	366	43.8	26.05	30.15	17.45	26.35
FP929042	982001	984000	347	41.5	26.3	32.2	16.35	25.15
FP929042	984001	986000	336	45.35	23.0	31.65	22.95	22.4
FP929042	986001	988000	349	43.3	23.95	32.75	18.9	24.4
FP929042	988001	990000	347	43.85	24.5	31.65	18.6	25.25
FP929042	990001	992000	335	45.0	22.45	32.55	18.0	27.0
FP929042	992001	994000	355	43.25	25.75	31.0	17.35	25.9
FP929042	994001	996000	349	41.85	26.55	31.6	18.3	23.55
FP929042	996001	998000	352	45.0	27.8	27.2	23.1	21.9
FP929042	998001	1000000	360	44.3	24.9	30.8	17.85	26.45
FP929042	1000001	1002000	357	43.5	25.7	30.8	17.3	26.2
FP929042	1002001	1004000	368	41.2	28.65	30.15	18.25	22.95
FP929042	1004001	1006000	357	41.5	25.35	33.15	16.0	25.5
FP929042	1006001	1008000	364	45.35	25.15	29.5	20.5	24.85
FP929042	1008001	1010000	354	42.25	28.1	29.65	20.6	21.65
FP929042	1010001	1012000	361	44.45	30.25	25.3	21.9	22.55
FP929042	1012001	1014000	340	44.85	26.2	28.95	18.65	26.2
FP929042	1014001	1016000	314	42.95	23.1	33.95	17.3	25.65
FP929042	1016001	1018000	350	41.25	25.5	33.25	16.5	24.75
FP929042	1018001	1020000	382	42.15	26.25	31.6	15.75	26.4
FP929042	1020001	1022000	356	43.65	24.45	31.9	15.95	27.7
FP929042	1022001	1024000	347	41.25	29.15	29.6	16.85	24.4
FP929042	1024001	1026000	356	41.7	28.05	30.25	19.4	22.3
FP929042	1026001	1028000	355	41.25	28.8	29.95	17.35	23.9
FP929042	1028001	1030000	352	40.85	29.35	29.8	17.2	23.65
FP929042	1030001	1032000	347	40.25	27.8	31.95	16.95	23.3
FP929042	1032001	1034000	358	44.15	24.8	31.05	18.2	25.95
FP929042	1034001	1036000	311	44.9	24.95	30.15	19.25	25.65
FP929042	1036001	1038000	349	39.8	27.25	32.95	18.3	21.5
FP929042	1038001	1040000	228	33.95	19.25	25.2	14.05	19.9
FP929042	1040001	1042000	355	46.8	24.95	28.25	18.75	28.05
FP929042	1042001	1044000	342	40.85	31.05	28.1	18.25	22.6
FP929042	1044001	1046000	356	42.35	25.2	32.45	18.15	24.2
FP929042	1046001	1048000	269	42.15	25.5	32.35	16.5	25.65
FP929042	1048001	1050000	226	42.4	23.9	33.7	18.8	23.6
FP929042	1050001	1052000	296	43.0	27.0	30.0	19.1	23.9
FP929042	1052001	1054000	260	43.65	24.9	31.45	18.75	24.9
FP929042	1054001	1056000	359	43.2	28.75	28.05	15.4	27.8
FP929042	1056001	1058000	343	44.9	23.85	31.25	19.5	25.4
FP929042	1058001	1060000	341	43.0	29.2	27.8	16.85	26.15
FP929042	1060001	1062000	358	42.8	30.1	27.1	19.2	23.6
FP929042	1062001	1064000	353	43.25	24.75	32.0	17.35	25.9
FP929042	1064001	1066000	371	40.1	29.15	30.75	15.2	24.9
FP929042	1066001	1068000	380	38.5	29.95	31.55	15.9	22.6
FP929042	1068001	1070000	439	37.85	27.35	34.8	13.85	24.0
FP929042	1070001	1072000	651	37.35	29.85	32.8	15.4	21.95
FP929042	1072001	1074000	748	40.35	27.4	32.25	15.2	25.15
FP929042	1074001	1076000	692	37.8	27.9	34.3	13.75	24.05
FP929042	1076001	1078000	9	38.5	26.3	35.2	15.45	23.05
FP929042	1078001	1080000	0	29.55	30.5	39.95	11.6	17.95
FP929042	1080001	1082000	122	35.05	28.85	36.1	12.8	22.25
FP929042	1082001	1084000	16	35.6	27.6	36.8	12.35	23.25
FP929042	1084001	1086000	3	32.85	32.5	34.65	12.45	20.4
FP929042	1086001	1088000	30	38.75	30.65	30.6	19.45	19.3
FP929042	1088001	1090000	10	38.7	28.95	32.35	13.35	25.35
FP929042	1090001	1092000	26	35.5	28.7	35.8	11.3	24.2
FP929042	1092001	1094000	26	36.6	26.75	36.65	12.75	23.85
FP929042	1094001	1096000	183	35.1	33.0	31.9	15.75	19.35
FP929042	1096001	1098000	524	33.0	30.75	36.25	11.1	21.9
FP929042	1098001	1100000	195	19.1	15.6	25.2	7.0	12.1
FP929042	1100001	1102000	154	36.25	22.5	25.05	16.5	19.75
FP929042	1102001	1104000	453	53.6	20.35	26.05	26.85	26.75
FP929042	1104001	1106000	438	50.6	21.05	28.35	24.9	25.7
FP929042	1106001	1108000	219	48.0	22.25	29.75	22.65	25.35
FP929042	1108001	1110000	244	30.4	14.5	18.8	14.55	15.85
FP929042	1110001	1112000	10	42.85	25.1	32.05	16.05	26.8
FP929042	1112001	1114000	77	41.5	23.95	34.55	15.8	25.7
FP929042	1114001	1116000	363	42.6	24.65	32.75	18.25	24.35
FP929042	1116001	1118000	365	42.4	34.25	23.35	22.15	20.25
FP929042	1118001	1120000	320	33.7	32.45	33.85	14.05	19.65
FP929042	1120001	1122000	21	33.7	31.5	34.8	11.75	21.95
FP929042	1122001	1124000	25	39.7	22.35	37.95	14.6	25.1
FP929042	1124001	1126000	98	34.3	17.8	23.8	15.15	19.15
FP929042	1126001	1128000	182	51.05	23.3	25.65	27.45	23.6
FP929042	1128001	1130000	116	53.85	18.1	28.05	27.35	26.5
FP929042	1130001	1132000	43	45.45	22.25	32.3	21.25	24.2
FP929042	1132001	1134000	141	51.55	17.85	30.6	25.95	25.6
FP929042	1134001	1136000	11	39.3	26.6	34.1	14.45	24.85
FP929042	1136001	1138000	1	33.55	29.6	36.85	11.35	22.2
FP929042	1138001	1140000	0	32.9	32.75	34.35	11.35	21.55
FP929042	1140001	1142000	1	33.2	28.55	38.25	10.95	22.25
FP929042	1142001	1144000	5	39.55	26.65	33.8	14.25	25.3
FP929042	1144001	1146000	12	41.8	24.15	34.05	16.4	25.4
FP929042	1146001	1148000	6	33.8	29.6	36.6	12.55	21.25
FP929042	1148001	1150000	3	35.05	27.5	37.45	12.65	22.4
FP929042	1150001	1152000	24	47.35	17.65	35.0	19.2	28.15
FP929042	1152001	1154000	28	49.05	17.4	33.55	20.3	28.75
FP929042	1154001	1156000	30	46.8	22.1	31.1	18.25	28.55
FP929042	1156001	1158000	25	46.0	23.55	30.45	18.8	27.2
FP929042	1158001	1160000	20	42.45	27.6	29.95	16.1	26.35
FP929042	1160001	1162000	15	21.45	17.2	22.25	7.6	13.85
FP929042	1162001	1164000	20	27.45	19.95	28.75	9.7	17.75
FP929042	1164001	1166000	173	42.4	24.1	33.5	15.75	26.65
FP929042	1166001	1168000	27	17.75	11.2	16.3	6.25	11.5
FP929042	1168001	1170000	449	36.0	25.8	38.2	12.6	23.4
FP929042	1170001	1172000	130	33.5	32.35	34.15	15.25	18.25
FP929042	1172001	1174000	0	22.05	26.45	25.0	13.8	8.25
FP929042	1174001	1176000	0	35.0	33.9	31.1	21.65	13.35
FP929042	1176001	1178000	0	37.75	34.35	27.9	23.3	14.45
FP929042	1178001	1180000	0	35.4	37.15	27.45	21.7	13.7
FP929042	1180001	1182000	0	9.45	10.8	9.15	5.8	3.65
FP929042	1182001	1184000	0	26.35	24.85	23.2	15.7	10.65
FP929042	1184001	1186000	189	43.8	27.0	29.2	25.65	18.15
FP929042	1186001	1188000	123	22.7	17.85	19.75	11.75	10.95
FP929042	1188001	1190000	327	37.5	28.95	33.55	22.5	15.0
FP929042	1190001	1192000	285	37.0	26.0	23.5	20.65	16.35
FP929042	1192001	1194000	276	42.2	20.5	24.4	21.5	20.7
FP929042	1194001	1196000	332	47.7	23.1	29.2	25.8	21.9
FP929042	1196001	1198000	350	39.65	29.85	30.5	22.65	17.0
FP929042	1198001	1200000	322	42.8	28.95	28.25	25.65	17.15
FP929042	1200001	1202000	348	42.4	26.15	31.45	22.0	20.4
FP929042	1202001	1204000	356	42.85	32.4	24.75	25.55	17.3
FP929042	1204001	1206000	353	45.75	29.8	24.45	26.35	19.4
FP929042	1206001	1208000	349	42.4	30.55	27.05	25.45	16.95
FP929042	1208001	1210000	357	44.0	28.2	27.8	26.55	17.45
FP929042	1210001	1212000	313	44.4	26.3	29.3	26.95	17.45
FP929042	1212001	1214000	339	44.8	29.65	25.55	26.55	18.25
FP929042	1214001	1216000	357	43.45	30.4	26.15	26.6	16.85
FP929042	1216001	1218000	347	44.75	28.35	26.9	27.1	17.65
FP929042	1218001	1220000	349	41.7	31.75	26.55	26.1	15.6
FP929042	1220001	1222000	307	41.05	31.2	27.75	23.85	17.2
FP929042	1222001	1224000	343	42.75	30.35	26.9	23.6	19.15
FP929042	1224001	1226000	342	44.35	27.75	27.9	23.2	21.15
FP929042	1226001	1228000	1578	42.65	28.25	29.1	23.45	19.2
FP929042	1228001	1230000	453	41.05	30.4	28.55	24.15	16.9
FP929042	1230001	1232000	330	41.15	32.9	25.95	25.05	16.1
FP929042	1232001	1234000	339	40.3	32.45	27.25	24.5	15.8
FP929042	1234001	1236000	337	39.8	28.9	31.3	21.8	18.0
FP929042	1236001	1238000	343	43.4	26.9	29.7	24.1	19.3
FP929042	1238001	1240000	339	43.5	27.4	29.1	23.5	20.0
FP929042	1240001	1242000	324	41.75	27.55	30.7	23.15	18.6
FP929042	1242001	1244000	311	43.5	32.1	24.4	26.0	17.5
FP929042	1244001	1246000	342	42.2	32.4	25.4	24.6	17.6
FP929042	1246001	1248000	345	43.0	28.75	28.25	26.25	16.75
FP929042	1248001	1250000	337	42.75	32.5	24.75	26.05	16.7
FP929042	1250001	1252000	301	40.45	31.9	27.65	23.0	17.45
FP929042	1252001	1254000	327	42.9	27.95	29.15	24.9	18.0
FP929042	1254001	1256000	344	41.95	32.2	25.85	24.95	17.0
FP929042	1256001	1258000	333	38.0	35.75	26.25	21.4	16.6
FP929042	1258001	1260000	345	44.8	31.7	23.5	25.75	19.05
FP929042	1260001	1262000	345	44.85	28.25	26.9	26.35	18.5
FP929042	1262001	1264000	198	32.35	18.15	25.2	17.1	15.25
FP929042	1264001	1266000	327	41.25	32.0	26.75	25.55	15.7
FP929042	1266001	1268000	333	41.85	30.9	27.25	24.5	17.35
FP929042	1268001	1270000	345	41.6	32.25	26.15	23.6	18.0
FP929042	1270001	1272000	320	41.4	30.9	27.7	24.45	16.95
FP929042	1272001	1274000	339	45.5	32.3	22.2	25.55	19.95
FP929042	1274001	1276000	346	42.65	30.1	27.25	23.75	18.9
FP929042	1276001	1278000	346	42.4	33.0	24.6	24.9	17.5
FP929042	1278001	1280000	342	41.75	31.95	26.3	24.6	17.15
FP929042	1280001	1282000	327	44.4	29.55	26.05	26.2	18.2
FP929042	1282001	1284000	342	40.9	34.15	24.95	23.95	16.95
FP929042	1284001	1286000	338	43.65	31.9	24.45	26.05	17.6
FP929042	1286001	1288000	336	42.1	32.95	24.95	24.85	17.25
FP929042	1288001	1290000	309	38.3	30.75	30.95	20.8	17.5
FP929042	1290001	1292000	339	41.85	30.65	27.5	24.1	17.75
FP929042	1292001	1294000	294	41.15	28.2	30.65	22.2	18.95
FP929042	1294001	1296000	231	37.6	34.25	28.15	20.6	17.0
FP929042	1296001	1298000	0	34.45	37.65	27.9	22.45	12.0
FP929042	1298001	1300000	79	33.4	36.95	29.65	20.95	12.45
FP929042	1300001	1302000	180	37.9	31.75	30.35	21.95	15.95
FP929042	1302001	1304000	339	43.0	30.55	26.45	26.55	16.45
FP929042	1304001	1306000	119	42.6	26.35	31.05	23.95	18.65
FP929042	1306001	1308000	324	42.9	29.2	27.9	25.1	17.8
FP929042	1308001	1310000	125	36.9	32.1	31.0	18.85	18.05
FP929042	1310001	1312000	0	34.85	34.25	30.9	12.85	22.0
FP929042	1312001	1314000	0	36.3	30.0	33.7	14.5	21.8
FP929042	1314001	1316000	126	38.6	29.55	31.85	16.8	21.8
FP929042	1316001	1318000	325	40.55	27.1	32.35	19.35	21.2
FP929042	1318001	1320000	349	39.7	25.45	34.85	19.3	20.4
FP929042	1320001	1322000	318	38.7	28.85	32.45	17.5	21.2
FP929042	1322001	1324000	327	39.65	29.1	31.25	19.1	20.55
FP929042	1324001	1326000	324	42.9	25.35	31.75	21.4	21.5
FP929042	1326001	1328000	336	37.45	28.7	33.85	17.5	19.95
FP929042	1328001	1330000	342	42.35	25.35	32.3	19.45	22.9
FP929042	1330001	1332000	331	44.6	24.55	30.85	19.9	24.7
FP929042	1332001	1334000	278	43.3	23.55	33.15	20.1	23.2
FP929042	1334001	1336000	329	44.5	23.2	32.3	20.6	23.9
FP929042	1336001	1338000	333	43.05	24.95	32.0	20.05	23.0
FP929042	1338001	1340000	335	43.25	25.4	31.35	19.45	23.8
FP929042	1340001	1342000	308	40.8	29.5	29.7	18.45	22.35
FP929042	1342001	1344000	337	40.5	29.1	30.4	18.15	22.35
FP929042	1344001	1346000	311	40.85	26.3	32.85	18.05	22.8
FP929042	1346001	1348000	339	39.3	29.8	30.9	19.75	19.55
FP929042	1348001	1350000	358	46.8	25.65	27.55	21.35	25.45
FP929042	1350001	1352000	329	42.5	24.9	32.6	18.85	23.65
FP929042	1352001	1354000	335	44.3	25.45	30.25	18.3	26.0
FP929042	1354001	1356000	318	42.55	28.05	29.4	19.1	23.45
FP929042	1356001	1358000	324	39.9	27.6	32.5	17.85	22.05
FP929042	1358001	1360000	335	41.3	26.95	31.75	18.2	23.1
FP929042	1360001	1362000	333	42.1	25.5	32.4	16.45	25.65
FP929042	1362001	1364000	293	40.75	24.3	34.95	18.25	22.5
FP929042	1364001	1366000	333	41.95	26.35	31.7	18.3	23.65
FP929042	1366001	1368000	332	40.55	25.95	33.5	16.85	23.7
FP929042	1368001	1370000	332	41.25	26.3	32.45	17.95	23.3
FP929042	1370001	1372000	327	37.65	29.25	33.1	17.3	20.35
FP929042	1372001	1374000	320	41.5	27.2	31.3	19.05	22.45
FP929042	1374001	1376000	319	38.7	31.0	30.3	16.8	21.9
FP929042	1376001	1378000	335	39.1	33.5	27.4	17.85	21.25
FP929042	1378001	1380000	328	39.4	27.15	33.45	16.9	22.5
FP929042	1380001	1382000	353	41.8	27.25	30.95	18.5	23.3
FP929042	1382001	1384000	328	41.3	28.45	30.25	18.35	22.95
FP929042	1384001	1386000	333	41.9	23.15	34.95	19.05	22.85
FP929042	1386001	1388000	334	40.7	24.1	35.2	18.05	22.65
FP929042	1388001	1390000	324	41.75	26.75	31.5	16.95	24.8
FP929042	1390001	1392000	327	43.05	25.9	31.05	17.6	25.45
FP929042	1392001	1394000	347	41.5	25.3	33.2	19.0	22.5
FP929042	1394001	1396000	333	39.8	27.1	33.1	16.45	23.35
FP929042	1396001	1398000	339	43.5	24.55	31.95	18.9	24.6
FP929042	1398001	1400000	326	44.55	25.45	30.0	19.15	25.4
FP929042	1400001	1402000	320	40.5	28.7	30.8	17.9	22.6
FP929042	1402001	1404000	309	42.4	27.0	30.6	18.05	24.35
FP929042	1404001	1406000	320	39.3	28.0	32.7	16.95	22.35
FP929042	1406001	1408000	344	40.2	27.6	32.2	17.45	22.75
FP929042	1408001	1410000	322	40.55	25.15	34.3	16.15	24.4
FP929042	1410001	1412000	328	40.75	28.75	30.5	15.85	24.9
FP929042	1412001	1414000	321	41.2	29.6	29.2	17.25	23.95
FP929042	1414001	1416000	340	40.7	30.8	28.5	18.95	21.75
FP929042	1416001	1418000	332	45.35	25.25	29.4	18.05	27.3
FP929042	1418001	1420000	281	42.25	25.95	31.8	17.85	24.4
FP929042	1420001	1422000	310	40.5	26.85	32.65	16.7	23.8
FP929042	1422001	1424000	322	41.6	26.45	31.95	17.15	24.45
FP929042	1424001	1426000	336	43.7	25.65	30.65	17.45	26.25
FP929042	1426001	1428000	341	43.95	28.25	27.8	17.9	26.05
FP929042	1428001	1430000	342	41.2	26.75	32.05	15.2	26.0
FP929042	1430001	1432000	336	42.35	27.55	30.1	19.05	23.3
FP929042	1432001	1434000	339	44.55	25.9	29.55	20.1	24.45
FP929042	1434001	1436000	338	44.05	28.2	27.75	18.1	25.95
FP929042	1436001	1438000	337	41.0	28.95	30.05	15.85	25.15
FP929042	1438001	1440000	338	41.5	30.65	27.85	16.15	25.35
FP929042	1440001	1442000	317	42.25	31.5	26.25	20.1	22.15
FP929042	1442001	1444000	107	39.9	29.95	30.15	16.9	23.0
FP929042	1444001	1446000	0	29.2	32.25	38.55	9.35	19.85
FP929042	1446001	1448000	0	28.65	33.5	37.85	9.75	18.9
FP929042	1448001	1450000	0	32.35	32.1	35.55	12.15	20.2
FP929042	1450001	1452000	2	37.15	29.2	33.65	17.15	20.0
FP929042	1452001	1454000	0	39.9	33.55	26.55	18.6	21.3
FP929042	1454001	1456000	13	41.15	29.1	29.75	15.45	25.7
FP929042	1456001	1458000	341	42.25	26.55	31.2	16.9	25.35
FP929042	1458001	1460000	325	41.3	31.6	27.1	20.8	20.5
FP929042	1460001	1462000	303	41.85	27.4	30.75	18.95	22.9
FP929042	1462001	1464000	378	44.95	25.1	29.95	19.05	25.9
FP929042	1464001	1466000	341	42.05	26.7	31.25	17.15	24.9
FP929042	1466001	1468000	325	43.25	26.45	30.3	16.9	26.35
FP929042	1468001	1470000	8	39.4	27.55	33.05	17.5	21.9
FP929042	1470001	1472000	0	34.9	27.15	37.95	13.95	20.95
FP929042	1472001	1474000	0	36.2	27.95	35.85	14.75	21.45
FP929042	1474001	1476000	291	36.0	24.95	39.05	14.1	21.9
FP929042	1476001	1478000	328	44.1	24.5	31.4	19.05	25.05
FP929042	1478001	1480000	278	42.65	25.55	31.8	17.8	24.85
FP929042	1480001	1482000	286	42.3	26.6	31.1	18.2	24.1
FP929042	1482001	1484000	324	40.95	28.7	30.35	16.65	24.3
FP929042	1484001	1486000	319	41.75	26.6	31.65	17.25	24.5
FP929042	1486001	1488000	325	43.4	24.85	31.75	18.9	24.5
FP929042	1488001	1490000	324	47.3	24.35	28.35	20.0	27.3
FP929042	1490001	1492000	361	41.75	25.6	32.65	17.4	24.35
FP929042	1492001	1494000	327	44.8	25.3	29.9	18.95	25.85
FP929042	1494001	1496000	335	43.85	25.35	30.8	20.8	23.05
FP929042	1496001	1498000	337	42.45	29.55	28.0	19.6	22.85
FP929042	1498001	1500000	335	41.85	28.75	29.4	16.3	25.55
FP929042	1500001	1502000	279	39.35	27.55	33.1	14.05	25.3
FP929042	1502001	1504000	308	31.5	32.7	35.8	12.6	18.9
FP929042	1504001	1506000	298	26.75	34.1	39.15	9.35	17.4
FP929042	1506001	1508000	1	38.3	21.35	40.35	15.3	23.0
FP929042	1508001	1510000	0	41.9	21.45	36.65	17.3	24.6
FP929042	1510001	1512000	0	40.7	26.25	33.05	16.3	24.4
FP929042	1512001	1514000	0	46.9	22.7	30.4	20.05	26.85
FP929042	1514001	1516000	0	43.15	22.95	33.9	18.15	25.0
FP929042	1516001	1518000	0	43.0	24.45	32.55	18.3	24.7
FP929042	1518001	1520000	0	44.15	23.55	32.3	18.9	25.25
FP929042	1520001	1522000	0	42.25	21.5	36.25	16.95	25.3
FP929042	1522001	1524000	0	45.4	20.6	34.0	19.1	26.3
FP929042	1524001	1526000	0	43.2	23.0	33.8	19.15	24.05
FP929042	1526001	1528000	0	40.95	25.35	33.7	16.5	24.45
FP929042	1528001	1530000	0	42.75	19.75	37.5	16.7	26.05
FP929042	1530001	1532000	0	44.0	20.4	35.6	18.0	26.0
FP929042	1532001	1534000	0	40.9	22.7	36.4	16.65	24.25
FP929042	1534001	1536000	0	43.35	19.1	37.55	17.7	25.65
FP929042	1536001	1538000	0	45.1	19.8	35.1	18.65	26.45
FP929042	1538001	1540000	145	45.85	22.0	32.15	18.5	27.35
FP929042	1540001	1542000	340	44.75	25.65	29.6	17.9	26.85
FP929042	1542001	1544000	341	42.75	26.0	31.25	17.05	25.7
FP929042	1544001	1546000	327	40.1	26.25	33.65	17.0	23.1
FP929042	1546001	1548000	335	43.95	24.1	31.95	18.45	25.5
FP929042	1548001	1550000	341	43.9	25.0	31.1	16.95	26.95
FP929042	1550001	1552000	353	43.8	26.15	30.05	16.55	27.25
FP929042	1552001	1554000	358	44.2	23.5	32.3	18.8	25.4
FP929042	1554001	1556000	296	38.85	23.55	37.6	16.05	22.8
FP929042	1556001	1558000	235	39.85	26.35	33.8	16.7	23.15
FP929042	1558001	1560000	314	41.45	24.9	33.65	17.25	24.2
FP929042	1560001	1562000	360	41.65	25.8	32.55	16.65	25.0
FP929042	1562001	1564000	343	47.15	23.75	29.1	18.9	28.25
FP929042	1564001	1566000	318	41.7	27.95	30.35	16.4	25.3
FP929042	1566001	1568000	343	40.6	28.8	30.6	14.9	25.7
FP929042	1568001	1570000	329	44.05	26.65	29.3	17.1	26.95
FP929042	1570001	1572000	344	44.45	25.3	30.25	17.35	27.1
FP929042	1572001	1574000	324	44.05	28.35	27.6	17.6	26.45
FP929042	1574001	1576000	287	43.05	25.7	31.25	17.95	25.1
FP929042	1576001	1578000	336	43.35	22.85	33.8	16.6	26.75
FP929042	1578001	1580000	325	40.05	29.0	30.95	15.75	24.3
FP929042	1580001	1582000	343	41.7	25.8	32.5	16.6	25.1
FP929042	1582001	1584000	351	42.3	26.6	31.1	17.65	24.65
FP929042	1584001	1586000	343	43.5	25.7	30.8	17.5	26.0
FP929042	1586001	1588000	347	42.1	26.5	31.4	16.65	25.45
FP929042	1588001	1590000	338	46.05	22.85	31.1	18.55	27.5
FP929042	1590001	1592000	336	43.65	20.25	36.1	17.05	26.6
FP929042	1592001	1594000	245	41.35	25.15	33.5	17.1	24.25
FP929042	1594001	1596000	316	41.3	29.65	29.05	18.1	23.2
FP929042	1596001	1598000	181	40.9	23.2	35.9	17.15	23.75
FP929042	1598001	1600000	0	35.0	18.3	26.1	15.4	19.6
FP929042	1600001	1602000	0	25.05	14.45	22.15	10.05	15.0
FP929042	1602001	1604000	0	34.0	20.7	27.1	13.85	20.15
FP929042	1604001	1606000	0	5.85	2.95	5.4	3.05	2.8
FP929042	1606001	1608000	0	18.55	18.05	19.5	8.3	10.25
FP929042	1608001	1610000	0	39.85	24.1	36.05	16.25	23.6
FP929042	1610001	1612000	0	36.0	28.75	35.25	15.45	20.55
FP929042	1612001	1614000	57	36.1	26.9	37.0	14.2	21.9
FP929042	1614001	1616000	329	38.25	32.15	29.6	16.6	21.65
FP929042	1616001	1618000	338	42.0	26.75	31.25	15.85	26.15
FP929042	1618001	1620000	340	44.75	24.45	30.8	18.8	25.95
FP929042	1620001	1622000	331	45.75	23.15	31.1	18.05	27.7
FP929042	1622001	1624000	354	40.55	30.6	28.85	18.0	22.55
FP929042	1624001	1626000	340	42.1	25.55	32.35	16.8	25.3
FP929042	1626001	1628000	337	44.4	25.45	30.15	17.8	26.6
FP929042	1628001	1630000	343	41.2	26.9	31.9	15.8	25.4
FP929042	1630001	1632000	342	41.55	24.2	34.25	17.55	24.0
FP929042	1632001	1634000	340	42.9	25.75	31.35	17.8	25.1
FP929042	1634001	1636000	341	42.05	27.7	30.25	20.0	22.05
FP929042	1636001	1638000	348	44.1	25.05	30.85	17.2	26.9
FP929042	1638001	1640000	316	40.75	30.4	28.85	18.75	22.0
FP929042	1640001	1642000	304	41.85	27.4	30.75	16.6	25.25
FP929042	1642001	1644000	344	44.75	25.7	29.55	18.25	26.5
FP929042	1644001	1646000	335	43.95	26.1	29.95	18.35	25.6
FP929042	1646001	1648000	331	42.4	25.15	32.45	16.15	26.25
FP929042	1648001	1650000	352	43.15	24.95	31.9	16.75	26.4
FP929042	1650001	1652000	340	38.6	31.35	30.05	18.05	20.55
FP929042	1652001	1654000	313	39.0	29.4	31.6	17.65	21.35
FP929042	1654001	1656000	305	43.0	28.35	28.65	18.35	24.65
FP929042	1656001	1658000	335	41.5	31.0	27.5	18.9	22.6
FP929042	1658001	1660000	286	43.5	27.35	29.15	18.75	24.75
FP929042	1660001	1662000	359	44.35	25.2	30.45	18.75	25.6
FP929042	1662001	1664000	313	41.35	26.75	31.9	18.75	22.6
FP929042	1664001	1666000	341	43.8	27.95	28.25	18.4	25.4
FP929042	1666001	1668000	363	42.5	29.2	28.3	17.1	25.4
FP929042	1668001	1670000	333	39.7	29.85	30.45	18.95	20.75
FP929042	1670001	1672000	8	36.4	27.35	36.25	13.3	23.1
FP929042	1672001	1674000	0	3.65	3.65	3.35	1.5	2.15
FP929042	1674001	1676000	158	30.65	31.35	34.1	12.8	17.85
FP929042	1676001	1678000	297	37.15	30.2	32.65	14.2	22.95
FP929042	1678001	1680000	344	39.85	26.95	33.2	14.3	25.55
FP929042	1680001	1682000	322	34.75	33.65	31.6	14.15	20.6
FP929042	1682001	1684000	187	37.35	27.5	35.15	14.3	23.05
FP929042	1684001	1686000	347	40.55	27.75	31.7	14.75	25.8
FP929042	1686001	1688000	333	40.3	31.0	28.7	20.7	19.6
FP929042	1688001	1690000	323	37.9	31.45	30.65	14.7	23.2
FP929042	1690001	1692000	359	36.95	33.0	30.05	16.15	20.8
FP929042	1692001	1694000	384	38.55	28.45	33.0	14.5	24.05
FP929042	1694001	1696000	346	37.9	28.8	33.3	14.65	23.25
FP929042	1696001	1698000	344	40.75	25.85	33.4	15.45	25.3
FP929042	1698001	1700000	212	38.0	27.4	34.6	14.1	23.9
FP929042	1700001	1702000	53	38.75	31.85	29.4	15.05	23.7
FP929042	1702001	1704000	5	40.0	30.9	29.1	16.95	23.05
FP929042	1704001	1706000	8	40.3	28.6	31.1	16.35	23.95
FP929042	1706001	1708000	10	35.0	32.75	32.25	13.1	21.9
FP929042	1708001	1710000	17	38.1	25.9	36.0	13.45	24.65
FP929042	1710001	1712000	22	37.05	31.4	31.55	17.4	19.65
FP929042	1712001	1714000	152	25.6	25.3	28.8	12.45	13.15
FP929042	1714001	1716000	236	37.2	34.5	28.3	21.85	15.35
FP929042	1716001	1718000	270	35.95	27.35	36.7	12.6	23.35
FP929042	1718001	1720000	371	40.95	30.3	28.75	21.75	19.2
FP929042	1720001	1722000	430	37.55	27.05	35.4	14.05	23.5
FP929042	1722001	1724000	605	39.15	30.25	30.6	16.85	22.3
FP929042	1724001	1726000	516	39.1	29.05	31.85	15.15	23.95
FP929042	1726001	1728000	343	44.05	24.55	31.4	18.95	25.1
FP929042	1728001	1730000	308	43.35	23.55	33.1	18.4	24.95
FP929042	1730001	1732000	373	46.1	22.0	31.9	19.3	26.8
FP929042	1732001	1734000	362	43.35	25.6	31.05	17.1	26.25
FP929042	1734001	1736000	210	27.4	22.05	17.9	11.25	16.15
FP929042	1736001	1738000	252	34.2	20.35	24.2	14.5	19.7
FP929042	1738001	1740000	347	43.45	25.7	30.85	18.1	25.35
FP929042	1740001	1742000	340	38.35	30.3	31.35	15.4	22.95
FP929042	1742001	1744000	286	38.25	28.2	33.55	15.25	23.0
FP929042	1744001	1746000	336	45.35	29.0	25.65	23.8	21.55
FP929042	1746001	1748000	323	45.2	28.8	26.0	21.35	23.85
FP929042	1748001	1750000	331	42.4	31.6	26.0	19.7	22.7
FP929042	1750001	1752000	346	41.1	28.1	30.8	15.6	25.5
FP929042	1752001	1754000	357	46.65	24.55	28.8	21.4	25.25
FP929042	1754001	1756000	353	46.1	26.95	26.95	19.3	26.8
FP929042	1756001	1758000	367	35.1	29.1	35.8	14.05	21.05
FP929042	1758001	1760000	260	36.6	27.9	35.5	14.5	22.1
FP929042	1760001	1762000	57	40.2	24.8	35.0	16.1	24.1
FP929042	1762001	1764000	253	41.45	24.95	33.6	17.25	24.2
FP929042	1764001	1766000	257	42.6	24.4	33.0	17.7	24.9
FP929042	1766001	1768000	216	40.9	26.25	32.85	17.6	23.3
FP929042	1768001	1770000	328	44.95	26.25	28.8	19.0	25.95
FP929042	1770001	1772000	166	41.5	27.1	31.4	18.5	23.0
FP929042	1772001	1774000	189	25.15	12.65	19.35	9.4	15.75
FP929042	1774001	1776000	348	34.0	17.2	26.4	13.6	20.4
FP929042	1776001	1778000	39	12.4	6.25	10.65	4.35	8.05
FP929042	1778001	1780000	74	41.3	22.2	29.15	18.1	23.2
FP929042	1780001	1782000	355	44.25	25.95	29.8	19.45	24.8
FP929042	1782001	1784000	337	44.5	23.85	31.65	19.1	25.4
FP929042	1784001	1786000	262	41.75	29.05	29.2	17.65	24.1
FP929042	1786001	1788000	251	42.85	26.8	30.35	20.05	22.8
FP929042	1788001	1790000	359	45.3	21.65	33.05	18.55	26.75
FP929042	1790001	1792000	360	41.25	28.4	30.35	18.55	22.7
FP929042	1792001	1794000	361	43.75	23.75	32.5	17.55	26.2
FP929042	1794001	1796000	355	44.85	24.05	31.1	17.4	27.45
FP929042	1796001	1798000	346	47.35	24.1	28.55	19.3	28.05
FP929042	1798001	1800000	351	49.2	22.3	28.5	19.1	30.1
FP929042	1800001	1802000	350	40.6	25.7	33.7	15.5	25.1
FP929042	1802001	1804000	349	41.8	26.95	31.25	17.4	24.4
FP929042	1804001	1806000	362	43.45	24.55	32.0	17.8	25.65
FP929042	1806001	1808000	301	45.25	19.4	35.35	18.95	26.3
FP929042	1808001	1810000	353	41.0	28.35	30.65	19.2	21.8
FP929042	1810001	1812000	330	43.4	25.85	30.75	18.45	24.95
FP929042	1812001	1814000	354	39.35	26.6	34.05	14.95	24.4
FP929042	1814001	1816000	342	43.6	25.95	30.45	16.7	26.9
FP929042	1816001	1818000	340	44.85	24.15	31.0	17.5	27.35
FP929042	1818001	1820000	246	41.75	29.2	29.05	15.65	26.1
FP929042	1820001	1822000	356	41.85	28.8	29.35	14.05	27.8
FP929042	1822001	1824000	290	46.2	23.85	29.95	19.95	26.25
FP929042	1824001	1826000	349	39.9	27.15	32.95	16.3	23.6
FP929042	1826001	1828000	294	39.35	27.75	32.9	16.9	22.45
FP929042	1828001	1830000	3	36.95	29.9	33.15	13.9	23.05
FP929042	1830001	1832000	150	39.8	26.35	33.85	16.05	23.75
FP929042	1832001	1834000	344	42.95	26.55	30.5	16.1	26.85
FP929042	1834001	1836000	343	42.7	26.3	31.0	18.0	24.7
FP929042	1836001	1838000	354	40.55	29.6	29.85	16.05	24.5
FP929042	1838001	1840000	366	42.95	25.05	32.0	17.45	25.5
FP929042	1840001	1842000	284	41.5	24.6	33.9	17.2	24.3
FP929042	1842001	1844000	323	41.35	23.4	35.25	17.65	23.7
FP929042	1844001	1846000	351	42.65	27.35	30.0	17.05	25.6
FP929042	1846001	1848000	375	44.25	23.3	32.45	18.7	25.55
FP929042	1848001	1850000	266	41.6	25.5	32.9	18.1	23.5
FP929042	1850001	1852000	315	44.0	28.55	27.45	18.25	25.75
FP929042	1852001	1854000	225	41.15	25.75	33.1	17.45	23.7
FP929042	1854001	1856000	360	40.3	28.0	31.7	17.6	22.7
FP929042	1856001	1858000	352	42.3	24.2	33.5	18.4	23.9
FP929042	1858001	1860000	280	43.7	23.4	32.9	18.55	25.15
FP929042	1860001	1862000	343	41.55	24.4	34.05	16.15	25.4
FP929042	1862001	1864000	361	44.75	23.05	32.2	18.8	25.95
FP929042	1864001	1866000	356	45.5	23.75	30.75	19.0	26.5
FP929042	1866001	1868000	364	43.6	25.75	30.65	20.3	23.3
FP929042	1868001	1870000	298	37.75	30.35	31.9	14.75	23.0
FP929042	1870001	1872000	346	42.4	24.5	33.1	17.0	25.4
FP929042	1872001	1874000	374	42.9	25.45	31.65	16.9	26.0
FP929042	1874001	1876000	379	44.55	23.65	31.8	18.55	26.0
FP929042	1876001	1878000	363	42.3	25.35	32.35	16.2	26.1
FP929042	1878001	1880000	362	40.05	28.05	31.9	16.2	23.85
FP929042	1880001	1882000	381	42.6	26.1	31.3	17.3	25.3
FP929042	1882001	1884000	354	40.7	28.05	31.25	16.3	24.4
FP929042	1884001	1886000	345	38.3	31.6	30.1	14.45	23.85
FP929042	1886001	1888000	246	38.45	29.9	31.65	14.35	24.1
FP929042	1888001	1890000	276	38.85	27.25	33.9	13.6	25.25
FP929042	1890001	1892000	352	37.75	27.5	34.75	14.35	23.4
FP929042	1892001	1894000	237	38.4	29.55	32.05	14.6	23.8
FP929042	1894001	1896000	111	35.8	32.2	32.0	13.5	22.3
FP929042	1896001	1898000	0	18.4	20.05	25.55	5.75	12.65
FP929042	1898001	1900000	0	28.25	34.3	37.45	9.45	18.8
FP929042	1900001	1902000	0	26.35	38.6	35.05	9.45	16.9
FP929042	1902001	1904000	22	35.1	30.85	34.05	15.9	19.2
FP929042	1904001	1906000	3	23.05	26.55	28.85	8.15	14.9
FP929042	1906001	1908000	0	31.15	31.0	37.85	10.8	20.35
FP929042	1908001	1910000	0	30.4	31.05	38.55	10.7	19.7
FP929042	1910001	1912000	0	26.7	38.7	34.6	9.0	17.7
FP929042	1912001	1914000	0	32.4	30.15	37.45	10.3	22.1
FP929042	1914001	1916000	89	43.1	23.65	33.25	17.7	25.4
FP929042	1916001	1918000	315	48.05	18.75	33.2	22.95	25.1
FP929042	1918001	1920000	319	32.6	36.95	30.45	19.05	13.55
FP929042	1920001	1922000	207	34.25	28.4	27.0	15.2	19.05
FP929042	1922001	1924000	349	39.4	24.95	35.65	16.25	23.15
FP929042	1924001	1926000	343	42.55	26.75	30.7	18.55	24.0
FP929042	1926001	1928000	324	42.75	25.15	32.1	18.65	24.1
FP929042	1928001	1930000	46	16.1	9.15	9.75	7.0	9.1
FP929042	1930001	1932000	293	42.25	29.6	28.15	17.55	24.7
FP929042	1932001	1934000	284	42.05	32.3	25.65	19.1	22.95
FP929042	1934001	1936000	327	41.45	30.45	28.1	19.35	22.1
FP929042	1936001	1938000	331	42.65	24.45	32.9	16.1	26.55
FP929042	1938001	1940000	349	46.05	23.4	30.55	18.2	27.85
FP929042	1940001	1942000	341	45.8	23.1	31.1	17.85	27.95
FP929042	1942001	1944000	320	43.4	24.85	31.75	17.75	25.65
FP929042	1944001	1946000	347	41.95	25.15	32.9	18.05	23.9
FP929042	1946001	1948000	360	44.4	24.05	31.55	19.7	24.7
FP929042	1948001	1950000	304	42.9	24.0	33.1	18.15	24.75
FP929042	1950001	1952000	359	45.0	23.75	31.25	16.75	28.25
FP929042	1952001	1954000	353	44.1	25.9	30.0	17.35	26.75
FP929042	1954001	1956000	360	44.9	24.95	30.15	18.5	26.4
FP929042	1956001	1958000	353	42.5	25.15	32.35	17.7	24.8
FP929042	1958001	1960000	317	43.7	23.05	33.25	16.85	26.85
FP929042	1960001	1962000	337	44.4	29.35	26.25	19.3	25.1
FP929042	1962001	1964000	306	40.6	31.25	28.15	17.25	23.35
FP929042	1964001	1966000	284	36.35	34.2	29.45	14.1	22.25
FP929042	1966001	1968000	301	37.75	34.95	27.3	15.5	22.25
FP929042	1968001	1970000	99	41.2	30.55	28.25	19.65	21.55
FP929042	1970001	1972000	72	38.7	30.6	30.7	21.85	16.85
FP929042	1972001	1974000	86	29.9	37.15	32.95	17.2	12.7
FP929042	1974001	1976000	73	31.7	35.05	33.25	17.15	14.55
FP929042	1976001	1978000	0	44.15	30.25	25.6	23.85	20.3
FP929042	1978001	1980000	169	37.45	33.9	28.65	21.55	15.9
FP929042	1980001	1982000	302	36.6	31.1	32.3	19.55	17.05
FP929042	1982001	1984000	368	38.65	34.2	27.15	24.75	13.9
FP929042	1984001	1986000	323	46.15	28.75	25.1	28.5	17.65
FP929042	1986001	1988000	369	41.2	30.5	28.3	24.4	16.8
FP929042	1988001	1990000	387	45.05	32.7	22.25	27.0	18.05
FP929042	1990001	1992000	393	43.3	33.7	23.0	25.25	18.05
FP929042	1992001	1994000	388	43.35	32.75	23.9	26.05	17.3
FP929042	1994001	1996000	383	44.6	31.65	23.75	25.7	18.9
FP929042	1996001	1998000	390	41.55	31.15	27.3	25.85	15.7
FP929042	1998001	2000000	343	42.85	33.85	23.3	26.3	16.55
FP929042	2000001	2002000	376	40.0	34.35	25.65	22.35	17.65
FP929042	2002001	2004000	378	40.95	32.85	26.2	25.0	15.95
FP929042	2004001	2006000	381	40.25	32.85	26.9	24.35	15.9
FP929042	2006001	2008000	369	44.7	30.45	24.85	26.55	18.15
FP929042	2008001	2010000	389	45.25	30.85	23.9	26.35	18.9
FP929042	2010001	2012000	362	42.5	28.65	28.85	24.15	18.35
FP929042	2012001	2014000	402	42.25	31.7	26.05	25.5	16.75
FP929042	2014001	2016000	192	41.25	32.7	26.05	25.25	16.0
FP929042	2016001	2018000	0	41.05	34.25	24.7	24.6	16.45
FP929042	2018001	2020000	0	37.0	36.65	26.35	22.75	14.25
FP929042	2020001	2022000	0	40.7	33.8	25.5	25.05	15.65
FP929042	2022001	2024000	0	41.8	32.7	25.5	25.8	16.0
FP929042	2024001	2026000	0	44.15	33.7	22.15	27.15	17.0
FP929042	2026001	2028000	0	41.9	29.55	28.55	24.25	17.65
FP929042	2028001	2030000	0	44.0	31.8	24.2	26.8	17.2
FP929042	2030001	2032000	233	40.15	32.85	27.0	22.65	17.5
FP929042	2032001	2034000	114	19.5	20.7	20.9	10.0	9.5
FP929042	2034001	2036000	0	33.9	34.85	31.25	19.95	13.95
FP929042	2036001	2038000	0	36.0	36.9	27.1	23.0	13.0
FP929042	2038001	2040000	0	15.6	14.2	11.2	10.2	5.4
FP929042	2040001	2042000	161	36.6	30.05	33.35	21.25	15.35
FP929042	2042001	2044000	176	22.35	18.5	19.75	10.35	12.0
FP929042	2044001	2046000	275	41.55	29.1	21.7	24.15	17.4
FP929042	2046001	2048000	362	44.85	30.95	24.2	26.8	18.05
FP929042	2048001	2050000	329	41.65	29.6	28.75	24.9	16.75
FP929042	2050001	2052000	375	39.7	32.05	28.25	22.15	17.55
FP929042	2052001	2054000	370	43.3	26.8	29.9	23.55	19.75
FP929042	2054001	2056000	373	46.0	28.75	25.25	25.25	20.75
FP929042	2056001	2058000	373	43.1	30.8	26.1	24.15	18.95
FP929042	2058001	2060000	352	45.4	32.55	22.05	26.6	18.8
FP929042	2060001	2062000	392	42.1	30.4	27.5	23.5	18.6
FP929042	2062001	2064000	392	43.35	32.55	24.1	25.85	17.5
FP929042	2064001	2066000	363	44.35	30.7	24.95	26.85	17.5
FP929042	2066001	2068000	374	46.7	32.15	21.15	26.75	19.95
FP929042	2068001	2070000	363	44.3	32.3	23.4	25.65	18.65
FP929042	2070001	2072000	382	43.3	30.95	25.75	25.1	18.2
FP929042	2072001	2074000	375	40.6	33.2	26.2	24.1	16.5
FP929042	2074001	2076000	393	43.8	30.95	25.25	27.15	16.65
FP929042	2076001	2078000	378	39.25	34.55	26.2	24.05	15.2
FP929042	2078001	2080000	356	30.3	39.95	29.75	20.45	9.85
FP929042	2080001	2082000	326	36.75	32.95	30.3	22.4	14.35
FP929042	2082001	2084000	373	40.2	35.2	24.6	22.4	17.8
FP929042	2084001	2086000	345	41.65	29.35	29.0	24.6	17.05
FP929042	2086001	2088000	421	43.35	29.2	27.45	27.25	16.1
FP929042	2088001	2090000	390	44.9	31.55	23.55	25.35	19.55
FP929042	2090001	2092000	369	42.0	31.15	26.85	24.7	17.3
FP929042	2092001	2094000	387	45.3	28.85	25.85	25.35	19.95
FP929042	2094001	2096000	365	40.1	29.8	30.1	22.15	17.95
FP929042	2096001	2098000	364	43.8	30.35	25.85	25.35	18.45
FP929042	2098001	2100000	376	40.2	31.05	28.75	22.05	18.15
FP929042	2100001	2102000	499	43.9	27.7	28.4	24.7	19.2
FP929042	2102001	2104000	402	41.0	30.5	28.5	25.35	15.65
FP929042	2104001	2106000	395	45.2	29.55	25.25	27.95	17.25
FP929042	2106001	2108000	392	45.1	29.9	25.0	25.8	19.3
FP929042	2108001	2110000	387	39.25	32.85	27.9	24.6	14.65
FP929042	2110001	2112000	357	41.35	28.9	29.75	22.6	18.75
FP929042	2112001	2114000	306	45.7	31.9	22.4	25.8	19.9
FP929042	2114001	2116000	378	41.1	30.05	28.85	23.6	17.5
FP929042	2116001	2118000	371	40.75	31.5	27.75	24.65	16.1
FP929042	2118001	2120000	356	42.55	33.55	23.9	26.6	15.95
FP929042	2120001	2122000	54	40.85	32.75	26.4	24.25	16.6
FP929042	2122001	2124000	40	42.55	35.8	21.65	25.55	17.0
FP929042	2124001	2126000	381	42.6	32.6	24.8	25.6	17.0
FP929042	2126001	2128000	373	41.8	30.45	27.75	23.8	18.0
FP929042	2128001	2130000	377	44.35	31.2	24.45	27.65	16.7
FP929042	2130001	2132000	379	39.8	33.65	26.55	24.1	15.7
FP929042	2132001	2134000	373	39.7	34.4	25.9	25.8	13.9
FP929042	2134001	2136000	368	41.0	33.25	25.75	23.05	17.95
FP929042	2136001	2138000	368	37.6	32.1	30.3	21.15	16.45
FP929042	2138001	2140000	316	43.25	33.15	23.6	24.0	19.25
FP929042	2140001	2142000	373	42.9	31.7	25.4	25.3	17.6
FP929042	2142001	2144000	363	44.55	30.6	24.85	24.8	19.75
FP929042	2144001	2146000	364	44.95	30.2	24.85	25.6	19.35
FP929042	2146001	2148000	368	43.0	28.3	28.7	23.7	19.3
FP929042	2148001	2150000	329	46.3	29.45	24.25	26.95	19.35
FP929042	2150001	2152000	372	45.4	31.25	23.35	26.85	18.55
FP929042	2152001	2154000	378	45.35	30.25	24.4	26.3	19.05
FP929042	2154001	2156000	266	43.7	31.5	24.8	25.65	18.05
FP929042	2156001	2158000	380	44.15	33.55	22.3	23.9	20.25
FP929042	2158001	2160000	311	39.95	30.9	29.15	22.25	17.7
FP929042	2160001	2162000	353	47.4	25.7	26.9	23.75	23.65
FP929042	2162001	2164000	369	40.55	33.25	26.2	22.8	17.75
FP929042	2164001	2166000	362	42.75	32.45	24.8	24.45	18.3
FP929042	2166001	2168000	389	40.5	28.5	31.0	20.9	19.6
FP929042	2168001	2170000	252	35.8	25.65	23.85	21.55	14.25
FP929042	2170001	2172000	512	35.25	36.85	27.9	21.35	13.9
FP929042	2172001	2174000	271	39.7	32.2	28.1	22.6	17.1
FP929042	2174001	2176000	326	38.3	34.85	26.85	22.95	15.35
FP929042	2176001	2178000	222	38.55	34.5	26.95	22.6	15.95
FP929042	2178001	2180000	251	43.6	29.25	27.15	26.9	16.7
FP929042	2180001	2182000	360	44.4	28.85	26.75	24.0	20.4
FP929042	2182001	2184000	372	44.15	27.3	28.55	22.55	21.6
FP929042	2184001	2186000	369	40.4	30.8	28.8	22.5	17.9
FP929042	2186001	2188000	334	42.2	29.8	28.0	21.7	20.5
FP929042	2188001	2190000	130	39.7	29.35	30.95	22.6	17.1
FP929042	2190001	2192000	109	24.25	17.45	19.8	12.5	11.75
FP929042	2192001	2194000	342	44.95	29.85	25.2	22.7	22.25
FP929042	2194001	2196000	241	42.05	32.25	25.7	24.65	17.4
FP929042	2196001	2198000	257	40.0	31.05	28.95	23.5	16.5
FP929042	2198001	2200000	326	44.8	31.0	24.2	26.2	18.6
FP929042	2200001	2202000	367	42.6	30.95	26.45	26.45	16.15
FP929042	2202001	2204000	374	40.0	30.15	29.85	25.55	14.45
FP929042	2204001	2206000	374	42.55	27.4	30.05	22.2	20.35
FP929042	2206001	2208000	315	43.9	31.55	24.55	26.45	17.45
FP929042	2208001	2210000	286	41.45	32.35	26.2	26.25	15.2
FP929042	2210001	2212000	370	43.65	31.6	24.75	26.0	17.65
FP929042	2212001	2214000	346	40.95	29.0	30.05	22.35	18.6
FP929042	2214001	2216000	30	39.25	35.05	25.7	24.2	15.05
FP929042	2216001	2218000	2	32.05	37.25	30.7	18.65	13.4
FP929042	2218001	2220000	0	14.25	17.3	13.05	8.55	5.7
FP929042	2220001	2222000	214	26.55	29.5	26.3	16.7	9.85
FP929042	2222001	2224000	316	30.05	38.3	31.65	19.4	10.65
FP929042	2224001	2226000	74	12.3	8.6	9.25	6.35	5.95
FP929042	2226001	2228000	224	34.25	35.5	30.25	20.45	13.8
FP929042	2228001	2230000	486	33.6	27.65	21.95	21.25	12.35
FP929042	2230001	2232000	239	22.75	18.6	11.8	13.3	9.45
FP929042	2232001	2234000	506	43.05	33.05	23.9	23.8	19.25
FP929042	2234001	2236000	507	41.55	33.5	24.95	24.0	17.55
FP929042	2236001	2238000	478	40.3	35.2	24.5	25.1	15.2
FP929042	2238001	2240000	386	43.5	31.05	25.45	26.6	16.9
FP929042	2240001	2242000	224	42.25	33.7	24.05	26.1	16.15
FP929042	2242001	2244000	181	40.8	36.0	23.2	26.45	14.35
FP929042	2244001	2246000	553	42.55	33.6	23.85	26.8	15.75
FP929042	2246001	2248000	415	42.05	32.25	25.7	24.45	17.6
FP929042	2248001	2250000	278	41.65	29.0	29.35	24.05	17.6
FP929042	2250001	2252000	529	41.9	32.45	25.65	25.9	16.0
FP929042	2252001	2254000	409	40.5	32.3	27.2	24.65	15.85
FP929042	2254001	2256000	315	44.1	31.6	24.3	26.15	17.95
FP929042	2256001	2258000	489	41.7	33.1	25.2	26.6	15.1
FP929042	2258001	2260000	574	44.5	33.25	22.25	28.2	16.3
FP929042	2260001	2262000	421	42.8	32.8	24.4	25.5	17.3
FP929042	2262001	2264000	484	43.9	31.85	24.25	26.85	17.05
FP929042	2264001	2266000	479	44.4	33.3	22.3	26.95	17.45
FP929042	2266001	2268000	395	41.75	35.7	22.55	25.8	15.95
FP929042	2268001	2270000	38	33.0	36.55	30.45	22.95	10.05
FP929042	2270001	2272000	0	27.5	38.3	34.2	17.35	10.15
FP929042	2272001	2274000	42	21.65	19.3	18.6	11.15	10.5
FP929042	2274001	2276000	97	43.75	31.4	24.85	22.0	21.75
FP929042	2276001	2278000	46	19.65	13.9	12.05	10.15	9.5
FP929042	2278001	2280000	1	18.85	19.25	17.8	8.95	9.9
FP929042	2280001	2282000	351	38.0	30.0	32.0	18.45	19.55
FP929042	2282001	2284000	422	42.15	32.25	25.6	26.55	15.6
FP929042	2284001	2286000	18	37.25	35.6	27.15	24.75	12.5
FP929042	2286001	2288000	13	37.3	35.65	27.05	22.55	14.75
FP929042	2288001	2290000	350	44.1	32.55	23.35	26.4	17.7
FP929042	2290001	2292000	368	43.35	30.9	25.75	25.7	17.65
FP929042	2292001	2294000	360	41.55	32.45	26.0	21.5	20.05
FP929042	2294001	2296000	275	41.95	31.65	26.4	22.95	19.0
FP929042	2296001	2298000	343	45.3	29.2	25.5	27.5	17.8
FP929042	2298001	2300000	309	46.6	31.05	22.35	24.55	22.05
FP929042	2300001	2302000	116	36.9	33.7	29.4	20.75	16.15
FP929042	2302001	2304000	0	28.75	36.2	35.05	15.5	13.25
FP929042	2304001	2306000	0	33.9	37.2	28.9	21.05	12.85
FP929042	2306001	2308000	0	33.65	35.75	30.6	22.35	11.3
FP929042	2308001	2310000	0	30.65	32.95	36.4	19.2	11.45
FP929042	2310001	2312000	279	42.05	33.45	24.5	24.55	17.5
FP929042	2312001	2314000	379	44.9	30.9	24.2	26.2	18.7
FP929042	2314001	2316000	359	44.3	30.05	25.65	26.9	17.4
FP929042	2316001	2318000	364	45.1	29.1	25.8	27.35	17.75
FP929042	2318001	2320000	372	45.7	29.7	24.6	26.45	19.25
FP929042	2320001	2322000	376	41.65	31.05	27.3	26.15	15.5
FP929042	2322001	2324000	122	23.05	14.5	17.3	12.15	10.9
FP929042	2324001	2326000	309	30.1	33.75	29.3	18.9	11.2
FP929042	2326001	2328000	299	41.85	29.95	28.2	26.0	15.85
FP929042	2328001	2330000	201	43.7	26.35	29.95	26.25	17.45
FP929042	2330001	2332000	316	41.2	31.85	26.95	25.55	15.65
FP929042	2332001	2334000	395	44.8	29.75	25.45	27.65	17.15
FP929042	2334001	2336000	310	41.0	30.4	28.6	26.1	14.9
FP929042	2336001	2338000	257	41.25	30.2	28.55	22.35	18.9
FP929042	2338001	2340000	359	42.0	32.45	25.55	25.05	16.95
FP929042	2340001	2342000	376	44.75	30.1	25.15	26.05	18.7
FP929042	2342001	2344000	354	42.95	29.45	27.6	22.65	20.3
FP929042	2344001	2346000	316	44.25	31.55	24.2	26.4	17.85
FP929042	2346001	2348000	179	25.25	19.45	15.9	15.4	9.85
FP929042	2348001	2350000	245	33.8	24.45	18.45	20.05	13.75
FP929042	2350001	2352000	347	42.85	28.8	28.35	21.05	21.8
FP929042	2352001	2354000	357	42.85	30.0	27.15	25.1	17.75
FP929042	2354001	2356000	376	41.65	32.25	26.1	21.2	20.45
FP929042	2356001	2358000	312	35.95	30.4	33.65	18.85	17.1
FP929042	2358001	2360000	143	26.8	31.9	27.8	16.25	10.55
FP929042	2360001	2362000	236	24.15	29.75	22.55	15.8	8.35
FP929042	2362001	2364000	368	38.9	34.1	27.0	23.25	15.65
FP929042	2364001	2366000	324	33.8	36.4	29.8	20.9	12.9
FP929042	2366001	2368000	295	31.5	37.3	31.2	21.05	10.45
FP929042	2368001	2370000	335	29.95	35.6	34.45	20.55	9.4
FP929042	2370001	2372000	332	34.25	33.05	32.7	20.85	13.4
FP929042	2372001	2374000	307	42.1	30.4	27.5	25.0	17.1
FP929042	2374001	2376000	363	46.85	28.5	24.65	27.75	19.1
FP929042	2376001	2378000	285	45.05	30.0	24.95	25.75	19.3
FP929042	2378001	2380000	344	41.7	28.8	29.5	24.0	17.7
FP929042	2380001	2382000	375	43.8	30.95	25.25	26.15	17.65
FP929042	2382001	2384000	343	47.35	29.7	22.95	27.2	20.15
FP929042	2384001	2386000	314	44.9	30.95	24.15	25.65	19.25
FP929042	2386001	2388000	366	40.85	32.85	26.3	24.65	16.2
FP929042	2388001	2390000	308	41.3	32.75	25.95	25.5	15.8
FP929042	2390001	2392000	361	45.2	31.25	23.55	26.45	18.75
FP929042	2392001	2394000	341	45.85	27.25	26.9	26.4	19.45
FP929042	2394001	2396000	235	42.2	26.4	31.4	22.0	20.2
FP929042	2396001	2398000	200	31.1	28.35	21.2	15.15	15.95
FP929042	2398001	2400000	354	43.15	32.55	24.3	23.95	19.2
FP929042	2400001	2402000	327	41.15	31.4	27.45	25.05	16.1
FP929042	2402001	2404000	353	44.4	30.75	24.85	25.15	19.25
FP929042	2404001	2406000	339	41.5	30.55	27.95	25.1	16.4
FP929042	2406001	2408000	353	43.4	32.35	24.25	24.35	19.05
FP929042	2408001	2410000	350	42.85	31.25	25.9	22.65	20.2
FP929042	2410001	2412000	345	40.35	31.45	28.2	22.45	17.9
FP929042	2412001	2414000	333	39.0	30.05	30.95	21.4	17.6
FP929042	2414001	2416000	350	46.2	29.25	24.55	27.4	18.8
FP929042	2416001	2418000	362	41.7	33.35	24.95	25.3	16.4
FP929042	2418001	2420000	0	43.2	30.15	26.65	28.2	15.0
FP929042	2420001	2422000	3	45.8	30.85	23.35	28.4	17.4
FP929042	2422001	2424000	11	44.1	32.65	23.25	28.6	15.5
FP929042	2424001	2426000	9	44.35	31.25	24.4	26.35	18.0
FP929042	2426001	2428000	9	46.65	30.8	22.55	27.3	19.35
FP929042	2428001	2430000	11	43.6	29.85	26.55	25.2	18.4
FP929042	2430001	2432000	11	45.75	31.05	23.2	28.25	17.5
FP929042	2432001	2434000	11	45.7	31.25	23.05	26.25	19.45
FP929042	2434001	2436000	11	40.95	33.2	25.85	25.25	15.7
FP929042	2436001	2438000	6	48.9	27.15	23.95	28.7	20.2
FP929042	2438001	2440000	4	44.85	31.05	24.1	26.25	18.6
FP929042	2440001	2442000	1	44.35	30.6	25.05	24.0	20.35
FP929042	2442001	2444000	0	22.4	14.5	10.0	14.25	8.15
FP929042	2444001	2446000	0	45.6	30.5	23.9	29.75	15.85
FP929042	2446001	2448000	3	44.7	32.15	23.15	28.7	16.0
FP929042	2448001	2450000	13	41.65	33.25	25.1	22.45	19.2
FP929042	2450001	2452000	71	38.4	35.85	25.75	24.65	13.75
FP929042	2452001	2454000	31	38.85	33.65	27.5	22.25	16.6
FP929042	2454001	2456000	27	40.7	33.95	25.35	23.95	16.75
FP929042	2456001	2458000	26	46.95	32.65	20.4	28.5	18.45
FP929042	2458001	2460000	25	50.2	30.75	19.05	31.0	19.2
FP929042	2460001	2462000	22	47.65	30.5	21.85	26.8	20.85
FP929042	2462001	2464000	11	15.35	14.75	10.3	9.75	5.6
FP929042	2464001	2466000	152	38.85	35.05	26.1	23.15	15.7
FP929042	2466001	2468000	27	45.35	30.7	23.95	22.45	22.9
FP929042	2468001	2470000	1	30.5	35.5	34.0	18.5	12.0
FP929042	2470001	2472000	3	29.75	39.35	30.9	18.55	11.2
FP929042	2472001	2474000	333	38.35	28.4	33.25	24.6	13.75
FP929042	2474001	2476000	195	37.1	35.4	27.5	22.65	14.45
FP929042	2476001	2478000	0	42.2	29.6	28.2	26.3	15.9
FP929042	2478001	2480000	85	42.85	30.1	27.05	25.4	17.45
FP929042	2480001	2482000	310	44.15	29.85	26.0	26.9	17.25
FP929042	2482001	2484000	178	30.3	24.3	21.85	15.75	14.55
FP929042	2484001	2486000	183	26.85	13.9	18.4	12.6	14.25
FP929042	2486001	2488000	230	44.2	26.4	29.4	23.65	20.55
FP929042	2488001	2490000	384	43.8	29.45	26.75	23.9	19.9
FP929042	2490001	2492000	376	42.95	30.1	26.95	22.35	20.6
FP929042	2492001	2494000	368	42.5	27.95	29.55	24.0	18.5
FP929042	2494001	2496000	408	43.0	31.0	26.0	23.85	19.15
FP929042	2496001	2498000	327	43.5	32.25	24.25	25.4	18.1
FP929042	2498001	2500000	300	45.1	30.25	24.65	26.2	18.9
FP929042	2500001	2502000	276	45.95	28.1	25.95	25.95	20.0
FP929042	2502001	2504000	313	44.5	29.45	26.05	26.25	18.25
FP929042	2504001	2506000	175	29.9	35.55	34.55	16.9	13.0
FP929042	2506001	2508000	78	20.35	17.75	20.45	8.05	12.3
FP929042	2508001	2510000	332	42.35	30.5	26.2	26.25	16.1
FP929042	2510001	2512000	326	44.3	30.25	25.45	26.4	17.9
FP929042	2512001	2514000	163	21.85	17.1	16.15	12.65	9.2
FP929042	2514001	2516000	395	39.9	29.55	30.55	23.6	16.3
FP929042	2516001	2518000	263	32.85	27.05	25.35	18.2	14.65
FP929042	2518001	2520000	355	47.15	24.6	28.25	22.65	24.5
FP929042	2520001	2522000	1	38.0	33.9	28.1	22.2	15.8
FP929042	2522001	2524000	0	44.05	31.45	24.5	25.25	18.8
FP929042	2524001	2526000	0	42.6	32.7	24.7	24.9	17.7
FP929042	2526001	2528000	0	39.7	30.65	29.65	22.65	17.05
FP929042	2528001	2530000	0	40.5	31.65	27.85	22.5	18.0
FP929042	2530001	2532000	14	39.5	32.9	27.6	21.15	18.35
FP929042	2532001	2534000	302	45.4	29.65	24.95	26.5	18.9
FP929042	2534001	2536000	356	44.4	27.75	27.85	23.7	20.7
FP929042	2536001	2538000	391	43.5	28.2	28.3	22.7	20.8
FP929042	2538001	2540000	377	45.2	28.45	26.35	22.9	22.3
FP929042	2540001	2542000	371	42.9	26.65	30.45	22.35	20.55
FP929042	2542001	2544000	391	41.05	32.2	26.75	24.95	16.1
FP929042	2544001	2546000	382	43.6	30.7	25.7	25.1	18.5
FP929042	2546001	2548000	358	44.0	30.25	25.75	25.35	18.65
FP929042	2548001	2550000	361	42.1	32.75	25.15	23.25	18.85
FP929042	2550001	2552000	378	45.25	30.55	24.2	26.2	19.05
FP929042	2552001	2554000	392	46.95	29.5	23.55	26.45	20.5
FP929042	2554001	2556000	392	49.4	27.4	23.2	28.25	21.15
FP929042	2556001	2558000	400	45.5	30.95	23.55	27.45	18.05
FP929042	2558001	2560000	380	42.4	30.4	27.2	25.95	16.45
FP929042	2560001	2562000	383	42.2	30.85	26.95	24.3	17.9
FP929042	2562001	2564000	379	45.9	32.2	21.9	25.65	20.25
FP929042	2564001	2566000	366	38.05	35.0	26.95	23.9	14.15
FP929042	2566001	2568000	389	40.05	35.0	24.95	25.15	14.9
FP929042	2568001	2570000	385	41.5	34.6	23.9	23.55	17.95
FP929042	2570001	2572000	374	41.45	32.85	25.7	24.95	16.5
FP929042	2572001	2574000	347	42.85	32.05	25.1	25.7	17.15
FP929042	2574001	2576000	306	40.5	32.4	27.1	24.25	16.25
FP929042	2576001	2578000	323	41.75	29.4	28.85	25.6	16.15
FP929042	2578001	2580000	367	46.9	29.35	23.75	28.3	18.6
FP929042	2580001	2582000	371	45.8	28.15	26.05	24.05	21.75
FP929042	2582001	2584000	113	40.95	31.5	27.55	23.7	17.25
FP929042	2584001	2586000	329	44.3	33.65	22.05	22.95	21.35
FP929042	2586001	2588000	192	38.45	33.05	28.5	22.65	15.8
FP929042	2588001	2590000	0	31.65	33.2	35.15	20.6	11.05
FP929042	2590001	2592000	0	31.65	36.85	31.5	20.7	10.95
FP929042	2592001	2594000	0	31.15	37.15	31.7	20.15	11.0
FP929042	2594001	2596000	0	30.55	35.3	34.15	20.7	9.85
FP929042	2596001	2598000	0	28.0	34.25	36.95	17.5	10.5
FP929042	2598001	2600000	0	25.35	29.6	31.65	16.65	8.7
FP929042	2600001	2602000	0	33.75	33.85	32.4	21.2	12.55
FP929042	2602001	2604000	0	33.25	36.95	29.8	22.2	11.05
FP929042	2604001	2606000	0	28.65	29.6	27.35	18.9	9.75
FP929042	2606001	2608000	271	35.45	31.6	32.95	21.05	14.4
FP929042	2608001	2610000	376	43.2	29.5	27.3	24.0	19.2
FP929042	2610001	2612000	365	40.9	27.05	32.05	24.6	16.3
FP929042	2612001	2614000	377	47.5	26.9	25.6	28.2	19.3
FP929042	2614001	2616000	379	42.55	29.4	28.05	26.15	16.4
FP929042	2616001	2618000	395	44.2	29.8	26.0	25.8	18.4
FP929042	2618001	2620000	343	42.0	30.55	27.45	24.8	17.2
FP929042	2620001	2622000	341	41.65	33.2	25.15	22.7	18.95
FP929042	2622001	2624000	313	45.5	28.35	26.15	26.2	19.3
FP929042	2624001	2626000	376	44.9	29.3	25.8	26.4	18.5
FP929042	2626001	2628000	378	41.5	32.9	25.6	25.4	16.1
FP929042	2628001	2630000	382	43.35	33.35	23.3	24.4	18.95
FP929042	2630001	2632000	369	42.8	30.45	26.75	24.8	18.0
FP929042	2632001	2634000	379	39.9	34.5	25.6	23.95	15.95
FP929042	2634001	2636000	376	38.85	29.8	31.35	23.25	15.6
FP929042	2636001	2638000	402	40.05	31.8	28.15	24.1	15.95
FP929042	2638001	2640000	392	40.15	30.65	29.2	24.75	15.4
FP929042	2640001	2642000	375	46.7	28.7	24.6	28.2	18.5
FP929042	2642001	2644000	360	45.7	30.8	23.5	28.0	17.7
FP929042	2644001	2646000	360	44.55	32.7	22.75	26.65	17.9
FP929042	2646001	2648000	363	40.05	33.75	26.2	23.45	16.6
FP929042	2648001	2650000	382	46.7	31.6	21.7	25.7	21.0
FP929042	2650001	2652000	480	43.65	30.4	25.95	26.05	17.6
FP929042	2652001	2654000	403	42.15	31.45	26.4	27.1	15.05
FP929042	2654001	2656000	386	40.8	34.9	24.3	23.7	17.1
FP929042	2656001	2658000	301	44.6	32.95	22.45	26.0	18.6
FP929042	2658001	2660000	363	40.9	29.5	29.6	22.85	18.05
FP929042	2660001	2662000	378	39.75	34.15	26.1	23.6	16.15
FP929042	2662001	2664000	344	44.1	26.95	28.95	24.4	19.7
FP929042	2664001	2666000	314	42.9	33.45	23.65	25.3	17.6
FP929042	2666001	2668000	329	46.85	30.4	22.75	25.85	21.0
FP929042	2668001	2670000	380	43.25	29.45	27.3	24.35	18.9
FP929042	2670001	2672000	375	45.55	28.7	25.75	27.45	18.1
FP929042	2672001	2674000	372	45.15	30.9	23.95	25.55	19.6
FP929042	2674001	2676000	316	40.45	29.75	29.8	23.6	16.85
FP929042	2676001	2678000	387	43.8	27.9	28.3	26.95	16.85
FP929042	2678001	2680000	148	40.9	33.85	25.25	25.65	15.25
FP929042	2680001	2682000	218	40.8	32.55	26.65	25.1	15.7
FP929042	2682001	2684000	316	44.05	27.25	28.7	22.15	21.9
FP929042	2684001	2686000	355	43.35	27.4	29.25	23.15	20.2
FP929042	2686001	2688000	360	44.0	31.65	24.35	25.7	18.3
FP929042	2688001	2690000	231	31.75	23.4	17.3	17.25	14.5
FP929042	2690001	2692000	227	30.7	16.9	19.8	15.4	15.3
FP929042	2692001	2694000	371	41.7	28.95	29.35	24.65	17.05
FP929042	2694001	2696000	363	45.1	29.55	25.35	27.05	18.05
FP929042	2696001	2698000	57	19.45	8.5	10.7	10.85	8.6
FP929042	2698001	2700000	354	46.1	28.65	25.25	28.8	17.3
FP929042	2700001	2702000	364	46.45	30.85	22.7	26.9	19.55
FP929042	2702001	2704000	339	42.8	28.7	28.5	21.8	21.0
FP929042	2704001	2706000	349	40.75	30.3	28.95	21.15	19.6
FP929042	2706001	2708000	339	43.9	27.8	28.3	24.1	19.8
FP929042	2708001	2710000	276	41.1	32.85	26.05	24.75	16.35
FP929042	2710001	2712000	278	34.9	35.95	29.15	21.6	13.3
FP929042	2712001	2714000	109	31.65	38.65	29.7	20.25	11.4
FP929042	2714001	2716000	0	36.4	34.5	29.1	22.1	14.3
FP929042	2716001	2718000	0	37.4	35.25	27.35	24.35	13.05
FP929042	2718001	2720000	0	50.05	34.7	15.25	22.0	28.05
FP929042	2720001	2722000	0	46.25	33.05	20.7	23.05	23.2
FP929042	2722001	2724000	0	44.3	27.15	28.55	26.4	17.9
FP929042	2724001	2726000	0	43.85	28.6	27.55	26.05	17.8
FP929042	2726001	2728000	0	46.5	29.7	23.8	28.1	18.4
FP929042	2728001	2730000	0	48.2	28.2	23.6	28.2	20.0
FP929042	2730001	2732000	0	46.15	28.4	25.45	26.6	19.55
FP929042	2732001	2734000	0	43.6	27.65	28.75	26.1	17.5
FP929042	2734001	2736000	150	44.8	30.4	24.8	26.65	18.15
FP929042	2736001	2738000	281	44.2	33.2	22.6	26.85	17.35
FP929042	2738001	2740000	173	42.6	33.15	24.25	24.85	17.75
FP929042	2740001	2742000	0	32.55	36.8	30.65	21.05	11.5
FP929042	2742001	2744000	0	35.05	34.75	30.2	23.55	11.5
FP929042	2744001	2746000	0	34.25	36.35	29.4	22.2	12.05
FP929042	2746001	2748000	0	35.6	35.25	29.15	23.0	12.6
FP929042	2748001	2750000	0	41.3	27.0	31.7	24.1	17.2
FP929042	2750001	2752000	146	40.0	32.4	27.6	24.6	15.4
FP929042	2752001	2754000	326	46.85	29.65	23.5	27.55	19.3
FP929042	2754001	2756000	313	43.5	28.6	27.9	23.4	20.1
FP929042	2756001	2758000	374	45.85	32.05	22.1	26.4	19.45
FP929042	2758001	2760000	337	43.95	27.95	28.1	24.55	19.4
FP929042	2760001	2762000	360	46.35	32.55	21.1	27.5	18.85
FP929042	2762001	2764000	372	46.0	32.0	22.0	26.55	19.45
FP929042	2764001	2766000	284	45.05	32.0	22.95	25.25	19.8
FP929042	2766001	2768000	365	43.65	30.7	25.65	26.3	17.35
FP929042	2768001	2770000	362	43.3	31.55	25.15	25.25	18.05
FP929042	2770001	2772000	338	40.85	29.15	30.0	23.2	17.65
FP929042	2772001	2774000	377	42.4	30.4	27.2	24.3	18.1
FP929042	2774001	2776000	118	20.05	14.85	12.35	11.9	8.15
FP929042	2776001	2778000	361	39.15	31.1	29.75	22.85	16.3
FP929042	2778001	2780000	313	43.6	27.75	28.65	22.95	20.65
FP929042	2780001	2782000	350	44.65	26.15	29.2	22.1	22.55
FP929042	2782001	2784000	22	34.65	34.05	31.3	20.2	14.45
FP929042	2784001	2786000	7	33.7	33.05	33.25	18.75	14.95
FP929042	2786001	2788000	3	34.2	37.6	28.2	21.0	13.2
FP929042	2788001	2790000	0	31.65	33.7	34.65	20.6	11.05
FP929042	2790001	2792000	186	39.95	29.3	30.75	20.9	19.05
FP929042	2792001	2794000	303	40.8	29.4	29.8	23.25	17.55
FP929042	2794001	2796000	273	41.15	32.5	26.35	25.3	15.85
FP929042	2796001	2798000	330	45.7	30.45	23.85	26.3	19.4
FP929042	2798001	2800000	330	47.15	27.8	25.05	29.8	17.35
FP929042	2800001	2802000	10	43.1	31.85	25.05	23.95	19.15
FP929042	2802001	2804000	0	42.3	36.45	21.25	22.5	19.8
FP929042	2804001	2806000	0	35.25	34.65	30.1	18.8	16.45
FP929042	2806001	2808000	280	41.4	32.0	26.6	22.3	19.1
FP929042	2808001	2810000	365	41.4	32.8	25.8	21.35	20.05
FP929042	2810001	2812000	213	48.25	27.3	24.45	26.65	21.6
FP929042	2812001	2814000	364	44.7	31.7	23.6	27.65	17.05
FP929042	2814001	2816000	322	43.5	29.7	26.8	24.7	18.8
FP929042	2816001	2818000	190	43.75	31.25	25.0	25.65	18.1
FP929042	2818001	2820000	3	34.35	36.45	29.2	21.0	13.35
FP929042	2820001	2822000	13	34.5	36.8	28.7	22.5	12.0
FP929042	2822001	2824000	147	34.9	34.85	30.25	21.3	13.6
FP929042	2824001	2826000	116	40.1	34.15	25.75	25.35	14.75
FP929042	2826001	2828000	0	38.3	35.3	26.4	23.65	14.65
FP929042	2828001	2830000	10	39.0	34.85	26.15	23.6	15.4
FP929042	2830001	2832000	27	42.7	31.15	26.15	24.5	18.2
FP929042	2832001	2834000	2	43.95	31.35	24.7	25.2	18.75
FP929042	2834001	2836000	346	47.05	24.95	28.0	24.0	23.05
FP929042	2836001	2838000	357	44.15	27.55	28.3	23.25	20.9
FP929042	2838001	2840000	355	41.65	33.45	24.9	23.5	18.15
FP929042	2840001	2842000	297	44.3	31.7	24.0	23.15	21.15
FP929042	2842001	2844000	361	43.15	28.55	28.3	24.25	18.9
FP929042	2844001	2846000	353	45.45	25.8	28.75	23.95	21.5
FP929042	2846001	2848000	376	46.75	31.35	21.9	28.75	18.0
FP929042	2848001	2850000	375	45.75	32.25	22.0	26.45	19.3
FP929042	2850001	2852000	348	44.3	30.2	25.5	25.35	18.95
FP929042	2852001	2854000	356	41.8	34.5	23.7	24.8	17.0
FP929042	2854001	2856000	347	40.55	31.5	27.95	21.4	19.15
FP929042	2856001	2858000	379	43.35	29.5	27.15	25.5	17.85
FP929042	2858001	2860000	343	45.05	31.1	23.85	27.6	17.45
FP929042	2860001	2862000	344	42.0	30.8	27.2	24.3	17.7
FP929042	2862001	2864000	364	44.45	29.45	26.1	24.95	19.5
FP929042	2864001	2866000	388	41.5	34.0	24.5	23.9	17.6
FP929042	2866001	2868000	348	42.5	31.6	25.9	25.05	17.45
FP929042	2868001	2870000	348	43.45	31.25	25.3	25.75	17.7
FP929042	2870001	2872000	326	41.9	31.65	26.45	24.3	17.6
FP929042	2872001	2874000	121	38.65	34.25	27.1	24.2	14.45
FP929042	2874001	2876000	1	32.0	38.0	30.0	21.9	10.1
FP929042	2876001	2878000	80	37.45	32.7	29.85	23.55	13.9
FP929042	2878001	2880000	346	44.05	25.7	30.25	26.65	17.4
FP929042	2880001	2882000	355	45.5	30.85	23.65	26.25	19.25
FP929042	2882001	2884000	273	47.8	30.3	21.9	27.85	19.95
FP929042	2884001	2886000	363	46.85	31.8	21.35	28.2	18.65
FP929042	2886001	2888000	360	46.2	29.8	24.0	26.75	19.45
FP929042	2888001	2890000	274	44.0	29.15	26.85	23.85	20.15
FP929042	2890001	2892000	270	44.55	30.8	24.65	25.9	18.65
FP929042	2892001	2894000	344	43.2	28.75	28.05	24.65	18.55
FP929042	2894001	2896000	374	50.35	25.7	23.95	29.0	21.35
FP929042	2896001	2898000	294	44.45	30.45	25.1	27.35	17.1
FP929042	2898001	2900000	329	44.5	28.65	26.85	25.15	19.35
FP929042	2900001	2902000	314	42.5	32.6	24.9	24.9	17.6
FP929042	2902001	2904000	365	45.0	32.45	22.55	26.3	18.7
FP929042	2904001	2906000	242	46.55	33.05	20.4	24.45	22.1
FP929042	2906001	2908000	289	42.55	31.0	26.45	26.3	16.25
FP929042	2908001	2910000	176	42.0	30.45	27.55	24.75	17.25
FP929042	2910001	2912000	335	44.65	29.75	25.6	25.75	18.9
FP929042	2912001	2914000	362	43.7	29.8	26.5	25.6	18.1
FP929042	2914001	2916000	343	43.55	30.2	26.25	25.4	18.15
FP929042	2916001	2918000	321	42.35	31.35	26.3	24.1	18.25
FP929042	2918001	2920000	349	41.35	31.55	27.1	23.9	17.45
FP929042	2920001	2922000	344	45.1	30.4	24.5	24.35	20.75
FP929042	2922001	2924000	300	47.9	27.2	24.9	25.1	22.8
FP929042	2924001	2926000	360	43.35	25.25	31.4	22.1	21.25
FP929042	2926001	2928000	307	40.85	31.95	27.2	24.05	16.8
FP929042	2928001	2930000	352	44.1	31.5	24.4	25.9	18.2
FP929042	2930001	2932000	122	43.5	32.6	23.9	24.65	18.85
FP929042	2932001	2934000	131	43.3	31.75	24.95	25.95	17.35
FP929042	2934001	2936000	295	44.65	32.6	22.75	27.45	17.2
FP929042	2936001	2938000	360	43.55	31.5	24.95	26.9	16.65
FP929042	2938001	2940000	207	38.45	34.4	27.15	24.65	13.8
FP929042	2940001	2942000	140	27.55	31.8	20.7	17.75	9.8
FP929042	2942001	2944000	26	29.65	26.4	17.75	19.65	10.0
FP929042	2944001	2946000	74	37.95	36.05	26.0	23.7	14.25
FP929042	2946001	2948000	157	37.2	36.35	26.45	23.9	13.3
FP929042	2948001	2950000	429	38.65	36.6	24.75	25.4	13.25
FP929042	2950001	2952000	543	34.7	40.3	25.0	22.15	12.55
FP929042	2952001	2954000	476	34.6	38.4	27.0	22.25	12.35
FP929042	2954001	2956000	540	33.6	37.7	28.7	21.0	12.6
FP929042	2956001	2958000	473	32.95	39.8	27.25	20.65	12.3
FP929042	2958001	2960000	533	34.05	35.75	30.2	21.5	12.55
FP929042	2960001	2962000	308	35.65	37.3	27.05	22.55	13.1
FP929042	2962001	2964000	182	36.45	38.2	25.35	22.8	13.65
FP929042	2964001	2966000	96	37.2	37.15	25.65	24.15	13.05
FP929042	2966001	2968000	108	26.45	23.6	18.9	15.8	10.65
FP929042	2968001	2970000	417	36.3	33.3	30.4	20.65	15.65
FP929042	2970001	2972000	375	38.5	32.05	29.45	22.9	15.6
FP929042	2972001	2974000	366	40.95	25.5	33.55	19.55	21.4
FP929042	2974001	2976000	393	34.1	34.5	31.4	20.05	14.05
FP929042	2976001	2978000	421	43.05	29.95	27.0	26.35	16.7
FP929042	2978001	2980000	414	44.9	29.6	25.5	25.75	19.15
FP929042	2980001	2982000	422	42.35	35.35	22.3	26.5	15.85
FP929042	2982001	2984000	435	40.0	34.85	25.15	23.4	16.6
FP929042	2984001	2986000	422	45.85	29.85	24.3	25.55	20.3
FP929042	2986001	2988000	413	41.6	31.0	27.4	24.3	17.3
FP929042	2988001	2990000	394	44.8	34.7	20.5	27.95	16.85
FP929042	2990001	2992000	410	43.95	31.9	24.15	26.4	17.55
FP929042	2992001	2994000	368	42.75	35.25	22.0	24.7	18.05
FP929042	2994001	2996000	413	43.55	32.3	24.15	26.05	17.5
FP929042	2996001	2998000	422	42.8	26.6	30.6	21.65	21.15
FP929042	2998001	3000000	416	35.55	30.15	34.3	17.85	17.7
FP929042	3000001	3002000	430	39.75	30.6	29.65	21.95	17.8
FP929042	3002001	3004000	410	46.0	31.0	23.0	26.9	19.1
FP929042	3004001	3006000	426	39.75	30.25	30.0	25.05	14.7
FP929042	3006001	3008000	439	43.3	29.8	26.9	26.7	16.6
FP929042	3008001	3010000	412	41.8	32.4	25.8	27.0	14.8
FP929042	3010001	3012000	435	43.85	31.45	24.7	26.85	17.0
FP929042	3012001	3014000	403	40.9	32.8	26.3	24.85	16.05
FP929042	3014001	3016000	411	41.3	32.1	26.6	24.65	16.65
FP929042	3016001	3018000	403	44.05	28.85	27.1	23.3	20.75
FP929042	3018001	3020000	436	45.9	34.0	20.1	25.55	20.35
FP929042	3020001	3022000	422	47.2	31.4	21.4	26.95	20.25
FP929042	3022001	3024000	411	45.25	32.1	22.65	26.95	18.3
FP929042	3024001	3026000	395	45.0	33.15	21.85	24.7	20.3
FP929042	3026001	3028000	130	36.9	34.4	28.7	21.6	15.3
FP929042	3028001	3030000	76	30.35	35.25	34.4	17.6	12.75
FP929042	3030001	3032000	7	33.0	36.25	30.75	19.1	13.9
FP929042	3032001	3034000	39	37.35	34.55	28.1	22.05	15.3
FP929042	3034001	3036000	389	36.15	37.85	26.0	21.0	15.15
FP929042	3036001	3038000	347	34.15	38.75	27.1	21.5	12.65
FP929042	3038001	3040000	1	38.9	34.85	26.25	23.35	15.55
FP929042	3040001	3042000	0	39.2	34.5	26.3	24.1	15.1
FP929042	3042001	3044000	0	40.95	33.25	25.8	25.65	15.3
FP929042	3044001	3046000	0	39.5	33.2	27.3	24.4	15.1
FP929042	3046001	3048000	0	44.25	32.05	23.7	26.3	17.95
FP929042	3048001	3050000	0	39.8	33.7	26.5	26.1	13.7
FP929042	3050001	3052000	0	33.1	27.95	20.35	20.4	12.7
FP929042	3052001	3054000	0	12.7	11.8	8.4	8.95	3.75
FP929042	3054001	3056000	0	39.3	33.3	27.4	26.75	12.55
FP929042	3056001	3058000	0	41.05	35.25	23.7	26.5	14.55
FP929042	3058001	3060000	0	39.7	33.05	27.25	26.7	13.0
FP929042	3060001	3062000	0	39.45	34.8	25.75	28.35	11.1
FP929042	3062001	3064000	0	38.9	35.25	25.85	25.25	13.65
FP929042	3064001	3066000	0	40.55	34.95	24.5	27.95	12.6
FP929042	3066001	3068000	0	27.2	23.65	17.7	17.75	9.45
FP929042	3068001	3070000	0	39.9	36.45	23.65	26.55	13.35
FP929042	3070001	3072000	0	40.35	37.15	22.5	26.2	14.15
FP929042	3072001	3074000	0	40.65	34.0	25.35	27.3	13.35
FP929042	3074001	3076000	0	38.6	33.5	27.9	24.65	13.95
FP929042	3076001	3078000	0	41.45	34.2	24.35	25.7	15.75
FP929042	3078001	3080000	0	37.2	35.95	26.85	25.3	11.9
FP929042	3080001	3082000	0	39.25	37.05	23.7	24.65	14.6
FP929042	3082001	3084000	0	42.4	32.25	25.35	25.25	17.15
FP929042	3084001	3086000	0	42.5	31.85	25.65	25.85	16.65
FP929042	3086001	3088000	0	41.7	33.0	25.3	25.05	16.65
FP929042	3088001	3090000	1	42.4	30.7	26.9	24.5	17.9
FP929042	3090001	3092000	0	40.45	35.1	24.45	23.7	16.75
FP929042	3092001	3094000	0	41.7	31.1	27.2	26.15	15.55
FP929042	3094001	3096000	0	42.35	30.65	27.0	24.25	18.1
FP929042	3096001	3098000	0	38.65	33.3	28.05	23.65	15.0
FP929042	3098001	3100000	0	41.45	31.55	27.0	25.45	16.0
FP929042	3100001	3102000	0	41.05	35.2	23.75	25.5	15.55
FP929042	3102001	3104000	640	38.65	30.25	31.1	23.6	15.05
FP929042	3104001	3106000	744	38.5	33.95	27.55	24.1	14.4
FP929042	3106001	3108000	249	36.05	35.8	28.15	22.05	14.0
FP929042	3108001	3110000	2	19.35	23.5	19.8	12.75	6.6
FP929042	3110001	3112000	359	43.55	29.9	26.55	26.25	17.3
FP929042	3112001	3114000	342	39.65	31.5	28.85	21.8	17.85
FP929042	3114001	3116000	411	44.15	30.15	25.7	26.3	17.85
FP929042	3116001	3118000	353	47.1	28.45	24.45	25.6	21.5
FP929042	3118001	3120000	350	42.7	28.85	28.45	22.5	20.2
FP929042	3120001	3122000	389	39.35	28.9	31.75	21.4	17.95
FP929042	3122001	3124000	363	43.85	32.85	23.3	25.65	18.2
FP929042	3124001	3126000	409	46.05	32.3	21.65	24.95	21.1
FP929042	3126001	3128000	422	43.6	34.2	22.2	23.45	20.15
FP929042	3128001	3130000	411	43.7	33.3	23.0	23.95	19.75
FP929042	3130001	3132000	415	43.1	33.1	23.8	24.0	19.1
FP929042	3132001	3134000	428	47.35	30.35	22.3	27.45	19.9
FP929042	3134001	3136000	410	43.8	28.65	27.55	25.35	18.45
FP929042	3136001	3138000	426	45.6	31.5	22.9	27.35	18.25
FP929042	3138001	3140000	419	47.05	31.25	21.7	27.35	19.7
FP929042	3140001	3142000	374	48.9	28.5	22.6	27.45	21.45
FP929042	3142001	3144000	101	39.2	34.55	26.25	23.8	15.4
FP929042	3144001	3146000	449	39.6	32.3	28.1	23.0	16.6
FP929042	3146001	3148000	438	37.7	29.3	33.0	22.95	14.75
FP929042	3148001	3150000	446	40.2	31.65	28.15	24.75	15.45
FP929042	3150001	3152000	461	39.2	33.05	27.75	25.6	13.6
FP929042	3152001	3154000	201	40.3	28.7	31.0	22.4	17.9
FP929042	3154001	3156000	138	42.5	31.85	25.65	23.3	19.2
FP929042	3156001	3158000	339	48.65	27.4	23.95	24.85	23.8
FP929042	3158001	3160000	398	43.55	33.4	23.05	24.55	19.0
FP929042	3160001	3162000	283	40.65	32.55	26.8	22.4	18.25
FP929042	3162001	3164000	260	42.3	33.8	23.9	25.05	17.25
FP929042	3164001	3166000	362	37.65	35.25	27.1	22.7	14.95
FP929042	3166001	3168000	244	36.5	36.4	27.1	21.75	14.75
FP929042	3168001	3170000	294	39.7	34.35	25.95	23.1	16.6
FP929042	3170001	3172000	364	47.25	26.5	26.25	25.05	22.2
FP929042	3172001	3174000	431	45.85	25.95	28.2	24.35	21.5
FP929042	3174001	3176000	393	44.7	24.7	30.6	21.85	22.85
FP929042	3176001	3178000	407	37.5	33.95	28.55	23.55	13.95
FP929042	3178001	3180000	429	40.85	32.7	26.45	22.15	18.7
FP929042	3180001	3182000	361	42.35	27.25	30.4	21.5	20.85
FP929042	3182001	3184000	397	43.0	29.3	27.7	23.9	19.1
FP929042	3184001	3186000	352	46.05	29.85	24.1	27.05	19.0
FP929042	3186001	3188000	55	37.9	31.6	30.5	19.5	18.4
FP929042	3188001	3190000	32	29.4	34.6	36.0	16.4	13.0
FP929042	3190001	3192000	0	27.65	38.95	33.4	17.4	10.25
FP929042	3192001	3194000	0	28.1	37.45	34.45	18.75	9.35
FP929042	3194001	3196000	266	40.4	31.0	28.6	20.75	19.65
FP929042	3196001	3198000	391	39.7	34.25	26.05	21.85	17.85
FP929042	3198001	3200000	398	44.65	29.55	25.8	24.3	20.35
FP929042	3200001	3202000	75	39.5	32.95	27.55	23.45	16.05
FP929042	3202001	3204000	418	44.6	24.15	31.25	22.65	21.95
FP929042	3204001	3206000	287	40.95	30.85	28.2	21.25	19.7
FP929042	3206001	3208000	383	44.8	29.0	26.2	23.45	21.35
FP929042	3208001	3210000	281	42.55	31.45	26.0	23.55	19.0
FP929042	3210001	3212000	367	46.15	31.9	21.95	24.95	21.2
FP929042	3212001	3214000	415	45.05	30.25	24.7	25.5	19.55
FP929042	3214001	3216000	398	42.65	30.0	27.35	25.5	17.15
FP929042	3216001	3218000	307	45.9	31.15	22.95	25.2	20.7
FP929042	3218001	3220000	314	43.9	32.95	23.15	25.25	18.65
FP929042	3220001	3222000	150	42.0	33.7	24.3	24.9	17.1
FP929042	3222001	3224000	403	41.55	31.75	26.7	22.6	18.95
FP929042	3224001	3226000	406	41.45	30.2	28.35	22.55	18.9
FP929042	3226001	3228000	411	41.85	28.95	29.2	24.0	17.85
FP929042	3228001	3230000	349	43.0	26.95	30.05	25.45	17.55
FP929042	3230001	3232000	400	41.35	30.05	28.6	23.55	17.8
FP929042	3232001	3234000	421	41.35	29.45	29.2	22.95	18.4
FP929042	3234001	3236000	367	43.55	31.7	24.75	25.25	18.3
FP929042	3236001	3238000	405	43.85	30.8	25.35	25.1	18.75
FP929042	3238001	3240000	402	38.0	32.8	29.2	22.9	15.1
FP929042	3240001	3242000	386	48.0	27.3	24.7	28.2	19.8
FP929042	3242001	3244000	398	46.25	31.85	21.9	26.25	20.0
FP929042	3244001	3246000	171	39.6	31.65	28.75	21.55	18.05
FP929042	3246001	3248000	309	43.85	29.55	26.6	23.75	20.1
FP929042	3248001	3250000	342	33.15	37.05	29.8	20.9	12.25
FP929042	3250001	3252000	0	2.35	1.65	2.85	1.1	1.25
FP929042	3252001	3254000	319	41.05	35.3	21.05	24.45	16.6
FP929042	3254001	3256000	46	35.5	34.65	29.85	20.1	15.4
FP929042	3256001	3258000	59	33.5	31.85	34.65	17.65	15.85
FP929042	3258001	3260000	36	36.0	34.15	29.85	19.9	16.1
FP929042	3260001	3262000	16	37.05	34.6	28.35	24.25	12.8
FP929042	3262001	3264000	20	35.65	30.8	33.55	20.4	15.25
FP929042	3264001	3266000	37	37.75	31.9	30.35	22.45	15.3
FP929042	3266001	3268000	402	42.35	31.9	25.75	21.3	21.05
FP929042	3268001	3270000	402	47.65	29.45	22.9	28.2	19.45
FP929042	3270001	3272000	386	49.05	29.45	21.5	29.6	19.45
FP929042	3272001	3274000	398	42.55	33.55	23.9	25.1	17.45
FP929042	3274001	3276000	185	40.75	34.3	24.95	21.55	19.2
FP929042	3276001	3278000	316	46.3	30.25	23.45	26.95	19.35
FP929042	3278001	3280000	406	47.6	31.75	20.65	26.85	20.75
FP929042	3280001	3282000	401	39.95	29.9	30.15	18.95	21.0
FP929042	3282001	3284000	349	34.65	32.9	32.45	18.95	15.7
FP929042	3284001	3286000	262	42.9	32.25	24.85	23.4	19.5
FP929042	3286001	3288000	298	43.5	29.45	27.05	22.9	20.6
FP929042	3288001	3290000	408	46.7	30.45	22.85	25.1	21.6
FP929042	3290001	3292000	411	48.25	29.95	21.8	27.8	20.45
FP929042	3292001	3294000	428	47.7	30.8	21.5	26.2	21.5
FP929042	3294001	3296000	381	44.75	31.25	24.0	27.05	17.7
FP929042	3296001	3298000	335	36.65	33.6	29.75	20.55	16.1
FP929042	3298001	3300000	362	38.55	22.25	39.2	16.3	22.25
FP929042	3300001	3302000	415	44.25	20.85	34.9	20.55	23.7
FP929042	3302001	3304000	408	45.4	22.85	31.75	20.15	25.25
FP929042	3304001	3306000	443	41.3	26.25	32.45	16.95	24.35
FP929042	3306001	3308000	416	39.55	28.85	31.6	19.6	19.95
FP929042	3308001	3310000	408	36.15	32.75	31.1	20.25	15.9
FP929042	3310001	3312000	434	39.9	32.45	27.65	23.65	16.25
FP929042	3312001	3314000	423	41.4	31.05	27.55	25.5	15.9
FP929042	3314001	3316000	439	37.9	32.5	29.6	21.85	16.05
FP929042	3316001	3318000	400	34.55	31.6	33.85	19.65	14.9
FP929042	3318001	3320000	285	36.2	31.0	32.8	19.7	16.5
FP929042	3320001	3322000	356	33.75	38.05	28.2	21.6	12.15
FP929042	3322001	3324000	429	35.8	37.55	26.65	21.7	14.1
FP929042	3324001	3326000	364	36.55	37.0	26.45	22.25	14.3
FP929042	3326001	3328000	409	37.95	35.15	26.9	22.25	15.7
FP929042	3328001	3330000	415	38.8	33.85	27.35	22.75	16.05
FP929042	3330001	3332000	464	42.6	28.2	29.2	25.35	17.25
FP929042	3332001	3334000	396	36.9	34.85	28.25	22.7	14.2
FP929042	3334001	3336000	405	39.15	30.6	30.25	23.85	15.3
FP929042	3336001	3338000	406	38.65	30.65	30.7	24.2	14.45
FP929042	3338001	3340000	92	10.9	10.8	8.5	6.95	3.95
FP929042	3340001	3342000	400	38.5	31.2	27.35	22.85	15.65
FP929042	3342001	3344000	262	19.25	16.75	11.85	12.5	6.75
FP929042	3344001	3344951	469	35.65	41.11	23.24	23.24	12.41
