seq_ID	seq_start	seq_end	depth	GC	A	T	G	C
NZ_DS483479	1	1622	151	38.96	31.75	23.12	21.7	17.26
NZ_DS483480	1	2000	349	53.25	22.7	19.05	29.95	23.3
NZ_DS483480	2001	4000	368	50.1	29.6	20.3	29.05	21.05
NZ_DS483480	4001	6000	306	51.6	27.6	20.8	30.65	20.95
NZ_DS483480	6001	8000	366	51.95	22.15	25.9	27.6	24.35
NZ_DS483480	8001	10000	498	53.3	19.45	27.25	27.65	25.65
NZ_DS483480	10001	12000	324	55.25	21.4	23.35	29.1	26.15
NZ_DS483480	12001	14000	140	54.75	26.15	19.1	29.0	25.75
NZ_DS483480	14001	16000	78	40.1	32.85	27.05	22.65	17.45
NZ_DS483480	16001	18000	246	42.9	29.1	28.0	23.7	19.2
NZ_DS483480	18001	20000	228	53.6	25.35	21.05	27.0	26.6
NZ_DS483480	20001	22000	154	54.8	24.9	20.3	27.95	26.85
NZ_DS483480	22001	24000	154	63.8	18.8	17.4	31.05	32.75
NZ_DS483480	24001	26000	164	61.15	17.95	20.9	32.0	29.15
NZ_DS483480	26001	28000	170	59.85	18.6	21.55	29.3	30.55
NZ_DS483480	28001	30000	160	57.4	20.5	22.1	28.25	29.15
NZ_DS483480	30001	32000	169	55.1	21.5	23.4	25.1	30.0
NZ_DS483480	32001	34000	164	60.15	20.3	19.55	28.5	31.65
NZ_DS483480	34001	36000	170	59.75	22.05	18.2	29.1	30.65
NZ_DS483480	36001	38000	133	59.55	20.85	19.6	27.25	32.3
NZ_DS483480	38001	40000	152	61.15	20.8	18.05	30.8	30.35
NZ_DS483480	40001	42000	161	50.5	26.35	23.15	26.75	23.75
NZ_DS483480	42001	44000	148	56.75	21.65	21.6	27.9	28.85
NZ_DS483480	44001	46000	167	56.4	20.05	23.55	25.7	30.7
NZ_DS483480	46001	48000	150	54.25	21.05	24.7	27.95	26.3
NZ_DS483480	48001	50000	120	61.8	22.1	16.1	32.6	29.2
NZ_DS483480	50001	52000	115	59.2	19.4	21.4	28.75	30.45
NZ_DS483480	52001	54000	89	58.45	19.5	22.05	29.55	28.9
NZ_DS483480	54001	56000	109	56.8	19.8	23.4	31.15	25.65
NZ_DS483480	56001	58000	74	54.85	24.8	20.35	29.4	25.45
NZ_DS483480	58001	60000	72	55.45	23.5	21.05	28.75	26.7
NZ_DS483480	60001	62000	156	57.6	18.75	23.65	30.95	26.65
NZ_DS483480	62001	64000	177	56.3	23.3	20.4	29.7	26.6
NZ_DS483480	64001	66000	131	59.8	17.6	22.6	30.7	29.1
NZ_DS483480	66001	68000	113	57.1	22.9	20.0	30.25	26.85
NZ_DS483480	68001	68459	26	58.61	22.44	18.95	31.15	27.45
NZ_DS483481	1	2000	0	49.75	17.35	27.9	25.35	24.4
NZ_DS483481	2001	2037	161	62.16	13.51	24.32	29.73	32.43
NZ_DS483482	1	2000	158	59.15	16.25	24.6	27.55	31.6
NZ_DS483482	2001	4000	158	61.55	18.2	20.25	30.65	30.9
NZ_DS483482	4001	6000	235	60.3	20.0	19.7	29.35	30.95
NZ_DS483482	6001	8000	188	60.6	20.05	19.35	30.7	29.9
NZ_DS483482	8001	10000	239	58.8	18.3	22.9	28.95	29.85
NZ_DS483482	10001	12000	134	56.6	20.1	23.3	27.5	29.1
NZ_DS483482	12001	14000	230	61.15	17.0	21.85	30.35	30.8
NZ_DS483482	14001	16000	150	61.25	19.15	19.6	30.15	31.1
NZ_DS483482	16001	18000	177	58.65	21.65	19.7	27.55	31.1
NZ_DS483482	18001	20000	170	58.85	19.35	21.8	28.1	30.75
NZ_DS483482	20001	22000	199	57.9	20.75	21.35	30.85	27.05
NZ_DS483482	22001	24000	191	60.9	19.8	19.3	31.9	29.0
NZ_DS483482	24001	26000	148	58.6	19.45	21.95	29.45	29.15
NZ_DS483482	26001	28000	154	56.65	19.1	24.25	28.05	28.6
NZ_DS483482	28001	30000	176	51.85	23.85	24.3	23.95	27.9
NZ_DS483482	30001	32000	165	58.95	21.1	19.95	29.15	29.8
NZ_DS483482	32001	34000	225	60.0	18.8	21.2	30.5	29.5
NZ_DS483482	34001	36000	185	60.35	17.9	21.75	31.55	28.8
NZ_DS483482	36001	38000	201	56.2	20.85	22.95	27.85	28.35
NZ_DS483482	38001	40000	173	58.85	23.0	18.15	29.55	29.3
NZ_DS483482	40001	42000	161	59.2	20.05	20.75	32.6	26.6
NZ_DS483482	42001	44000	170	57.05	22.15	20.8	26.3	30.75
NZ_DS483482	44001	46000	184	59.5	18.55	21.95	28.3	31.2
NZ_DS483482	46001	48000	128	59.6	18.75	21.65	30.1	29.5
NZ_DS483482	48001	50000	202	57.55	20.5	21.95	26.85	30.7
NZ_DS483482	50001	52000	185	60.05	17.05	22.9	28.25	31.8
NZ_DS483482	52001	54000	201	58.45	18.4	23.15	28.0	30.45
NZ_DS483482	54001	56000	168	58.7	18.8	22.5	27.3	31.4
NZ_DS483482	56001	58000	173	59.95	17.55	22.5	29.25	30.7
NZ_DS483482	58001	60000	188	60.95	16.55	22.5	31.1	29.85
NZ_DS483482	60001	62000	169	60.5	19.1	20.4	29.9	30.6
NZ_DS483482	62001	64000	138	60.1	18.5	21.4	29.8	30.3
NZ_DS483482	64001	66000	122	60.85	19.55	19.6	29.25	31.6
NZ_DS483482	66001	68000	195	62.05	16.7	21.25	29.5	32.55
NZ_DS483482	68001	70000	319	54.9	24.05	21.05	29.1	25.8
NZ_DS483482	70001	72000	250	56.25	20.3	23.45	29.4	26.85
NZ_DS483482	72001	74000	304	55.05	21.05	23.9	26.9	28.15
NZ_DS483482	74001	76000	127	62.65	19.9	17.45	29.6	33.05
NZ_DS483482	76001	78000	165	58.2	18.85	22.95	29.45	28.75
NZ_DS483482	78001	80000	180	60.1	22.15	17.75	29.8	30.3
NZ_DS483482	80001	82000	146	60.05	16.7	23.25	30.55	29.5
NZ_DS483482	82001	84000	157	64.15	19.4	16.45	31.25	32.9
NZ_DS483482	84001	86000	247	63.8	13.35	22.85	31.15	32.65
NZ_DS483482	86001	88000	406	52.2	23.25	24.55	25.8	26.4
NZ_DS483482	88001	90000	456	50.25	22.5	27.25	20.95	29.3
NZ_DS483482	90001	92000	293	49.6	19.75	30.65	20.35	29.25
NZ_DS483482	92001	94000	137	48.05	18.5	28.45	20.75	27.3
NZ_DS483482	94001	96000	191	60.0	20.7	19.3	27.1	32.9
NZ_DS483482	96001	98000	277	58.05	18.3	23.65	29.95	28.1
NZ_DS483482	98001	100000	328	60.05	18.9	21.05	30.55	29.5
NZ_DS483482	100001	102000	303	61.65	16.65	21.7	32.6	29.05
NZ_DS483482	102001	104000	268	59.05	18.15	22.8	28.25	30.8
NZ_DS483482	104001	106000	197	60.65	17.65	21.7	30.55	30.1
NZ_DS483482	106001	108000	157	58.45	20.45	21.1	28.95	29.5
NZ_DS483482	108001	110000	182	61.4	18.0	20.6	29.5	31.9
NZ_DS483482	110001	112000	189	59.65	17.25	23.1	28.65	31.0
NZ_DS483482	112001	114000	166	64.05	17.65	18.3	28.1	35.95
NZ_DS483482	114001	116000	124	63.65	20.25	16.1	31.2	32.45
NZ_DS483482	116001	118000	186	62.35	19.05	18.6	32.3	30.05
NZ_DS483482	118001	120000	334	54.55	21.6	23.85	26.6	27.95
NZ_DS483482	120001	122000	241	56.05	21.75	22.2	26.95	29.1
NZ_DS483482	122001	124000	174	54.85	20.65	24.5	27.05	27.8
NZ_DS483482	124001	126000	225	61.8	20.85	17.35	32.25	29.55
NZ_DS483482	126001	128000	160	60.3	21.5	18.2	29.4	30.9
NZ_DS483482	128001	130000	163	63.85	18.1	18.05	33.2	30.65
NZ_DS483482	130001	132000	167	60.4	17.6	22.0	30.3	30.1
NZ_DS483482	132001	134000	181	59.75	21.2	19.05	29.25	30.5
NZ_DS483482	134001	136000	149	59.35	20.5	20.15	29.1	30.25
NZ_DS483482	136001	138000	215	54.8	21.8	23.4	26.45	28.35
NZ_DS483482	138001	140000	268	58.5	21.95	19.55	29.2	29.3
NZ_DS483482	140001	142000	223	60.3	18.35	21.35	29.5	30.8
NZ_DS483482	142001	144000	155	54.55	22.75	22.7	27.35	27.2
NZ_DS483482	144001	146000	161	56.95	22.8	20.25	28.4	28.55
NZ_DS483482	146001	148000	173	59.85	22.5	17.65	29.35	30.5
NZ_DS483482	148001	150000	171	53.55	22.85	23.6	26.6	26.95
NZ_DS483482	150001	152000	207	54.95	22.65	22.4	28.1	26.85
NZ_DS483482	152001	154000	147	53.8	25.05	21.15	28.2	25.6
NZ_DS483482	154001	156000	17	50.35	26.3	23.35	26.0	24.35
NZ_DS483482	156001	158000	21	48.5	23.2	28.3	22.6	25.9
NZ_DS483482	158001	160000	9	47.75	24.5	27.75	22.4	25.35
NZ_DS483482	160001	162000	7	47.55	21.05	31.4	24.0	23.55
NZ_DS483482	162001	164000	0	43.8	25.15	31.05	22.7	21.1
NZ_DS483482	164001	166000	0	37.95	30.4	31.65	18.45	19.5
NZ_DS483482	166001	168000	0	47.5	23.3	29.2	22.05	25.45
NZ_DS483482	168001	170000	0	42.3	27.55	30.15	19.9	22.4
NZ_DS483482	170001	172000	0	46.85	24.5	28.65	20.6	26.25
NZ_DS483482	172001	174000	3	45.7	25.85	28.45	22.3	23.4
NZ_DS483482	174001	176000	82	45.75	23.4	30.85	21.25	24.5
NZ_DS483482	176001	178000	96	53.15	19.45	27.4	24.6	28.55
NZ_DS483482	178001	180000	51	57.1	18.85	24.05	28.6	28.5
NZ_DS483482	180001	182000	0	50.1	26.0	23.9	24.55	25.55
NZ_DS483482	182001	184000	224	51.2	27.0	21.8	23.0	28.2
NZ_DS483482	184001	186000	59	56.55	19.9	23.55	27.55	29.0
NZ_DS483482	186001	188000	92	52.85	25.0	22.15	26.05	26.8
NZ_DS483482	188001	190000	187	58.3	22.25	19.45	28.15	30.15
NZ_DS483482	190001	192000	238	61.8	17.7	20.5	29.5	32.3
NZ_DS483482	192001	194000	234	59.0	19.6	21.4	31.0	28.0
NZ_DS483482	194001	196000	171	57.3	20.5	22.2	30.85	26.45
NZ_DS483482	196001	198000	160	56.4	21.55	22.05	28.1	28.3
NZ_DS483482	198001	200000	139	59.6	21.25	19.15	29.05	30.55
NZ_DS483482	200001	202000	58	51.2	20.95	27.85	24.35	26.85
NZ_DS483482	202001	204000	10	45.55	24.7	29.75	21.4	24.15
NZ_DS483482	204001	206000	80	37.9	30.35	31.75	19.75	18.15
NZ_DS483482	206001	208000	170	38.4	29.55	32.05	17.0	21.4
NZ_DS483482	208001	210000	328	42.3	26.95	30.75	18.7	23.6
NZ_DS483482	210001	212000	140	52.45	19.8	27.75	23.9	28.55
NZ_DS483482	212001	214000	155	52.1	26.5	21.4	25.25	26.85
NZ_DS483482	214001	216000	321	58.15	19.65	22.2	28.95	29.2
NZ_DS483482	216001	218000	199	61.35	18.1	20.55	30.4	30.95
NZ_DS483482	218001	220000	216	59.45	18.65	21.9	29.65	29.8
NZ_DS483482	220001	222000	180	58.25	20.95	20.8	28.55	29.7
NZ_DS483482	222001	224000	180	60.2	18.75	21.05	29.3	30.9
NZ_DS483482	224001	226000	202	60.8	18.5	20.7	28.65	32.15
NZ_DS483482	226001	228000	197	58.65	17.6	23.75	29.0	29.65
NZ_DS483482	228001	230000	184	61.7	20.25	18.05	28.05	33.65
NZ_DS483482	230001	232000	161	58.7	20.0	21.3	27.95	30.75
NZ_DS483482	232001	234000	176	64.95	16.5	18.55	31.55	33.4
NZ_DS483482	234001	236000	178	64.15	17.85	18.0	31.85	32.3
NZ_DS483482	236001	238000	140	59.45	19.85	20.7	28.15	31.3
NZ_DS483482	238001	240000	201	58.45	21.55	20.0	27.55	30.9
NZ_DS483482	240001	242000	297	57.4	19.35	23.25	29.5	27.9
NZ_DS483482	242001	244000	279	60.3	18.15	21.55	31.65	28.65
NZ_DS483482	244001	246000	198	54.6	22.1	23.3	26.3	28.3
NZ_DS483482	246001	248000	273	55.15	20.4	24.45	25.35	29.8
NZ_DS483482	248001	250000	178	61.25	22.0	16.75	28.4	32.85
NZ_DS483482	250001	252000	189	58.4	19.25	22.35	27.6	30.8
NZ_DS483482	252001	254000	132	66.15	18.15	15.7	34.2	31.95
NZ_DS483482	254001	256000	13	59.45	23.1	17.45	29.15	30.3
NZ_DS483482	256001	258000	13	63.7	17.1	19.2	28.9	34.8
NZ_DS483482	258001	260000	209	58.8	17.8	23.4	26.8	32.0
NZ_DS483482	260001	262000	200	63.3	16.35	20.35	28.15	35.15
NZ_DS483482	262001	264000	200	56.7	19.65	23.65	24.75	31.95
NZ_DS483482	264001	266000	200	49.3	21.35	29.35	20.75	28.55
NZ_DS483482	266001	268000	173	52.95	21.65	25.4	23.4	29.55
NZ_DS483482	268001	270000	107	47.9	20.55	31.55	19.75	28.15
NZ_DS483482	270001	272000	233	45.75	24.0	30.25	19.8	25.95
NZ_DS483482	272001	274000	236	45.05	25.75	29.2	18.55	26.5
NZ_DS483482	274001	276000	239	50.45	20.45	29.1	22.55	27.9
NZ_DS483482	276001	278000	216	50.3	20.65	29.05	21.25	29.05
NZ_DS483482	278001	280000	53	47.35	23.9	28.75	20.2	27.15
NZ_DS483482	280001	282000	49	50.25	25.55	24.2	23.6	26.65
NZ_DS483482	282001	284000	35	52.15	26.15	21.7	23.9	28.25
NZ_DS483482	284001	286000	0	46.1	24.9	29.0	20.4	25.7
NZ_DS483482	286001	288000	5	44.0	25.3	30.7	18.05	25.95
NZ_DS483482	288001	290000	0	48.45	23.0	28.55	22.1	26.35
NZ_DS483482	290001	292000	0	55.15	21.0	23.85	28.7	26.45
NZ_DS483482	292001	294000	0	53.45	23.5	23.05	25.05	28.4
NZ_DS483482	294001	296000	2	55.25	20.9	23.85	25.3	29.95
NZ_DS483482	296001	298000	0	51.85	23.7	24.45	24.8	27.05
NZ_DS483482	298001	300000	0	41.55	26.5	31.95	20.2	21.35
NZ_DS483482	300001	302000	26	41.55	30.2	28.25	18.25	23.3
NZ_DS483482	302001	304000	137	47.9	24.25	27.85	20.7	27.2
NZ_DS483482	304001	306000	116	40.85	30.65	28.5	19.4	21.45
NZ_DS483482	306001	308000	91	47.1	25.65	27.25	21.25	25.85
NZ_DS483482	308001	310000	186	45.65	25.05	29.3	20.2	25.45
NZ_DS483482	310001	312000	170	51.15	22.35	26.5	23.8	27.35
NZ_DS483482	312001	314000	113	49.95	22.9	27.15	23.45	26.5
NZ_DS483482	314001	316000	156	47.95	22.2	29.85	20.15	27.8
NZ_DS483482	316001	318000	146	44.9	24.55	30.55	19.9	25.0
NZ_DS483482	318001	320000	465	43.35	23.8	32.85	17.15	26.2
NZ_DS483482	320001	322000	197	59.85	18.45	21.7	29.45	30.4
NZ_DS483482	322001	324000	194	57.1	21.8	21.1	27.25	29.85
NZ_DS483482	324001	326000	276	63.55	18.95	17.5	30.65	32.9
NZ_DS483482	326001	328000	105	61.5	21.7	16.8	30.8	30.7
NZ_DS483482	328001	330000	73	60.6	20.55	18.85	29.7	30.9
NZ_DS483482	330001	332000	210	58.75	19.9	21.35	29.9	28.85
NZ_DS483482	332001	334000	247	62.1	17.4	20.5	31.05	31.05
NZ_DS483482	334001	336000	182	59.95	18.6	21.45	29.95	30.0
NZ_DS483482	336001	338000	202	54.9	21.95	23.15	28.05	26.85
NZ_DS483482	338001	340000	159	57.0	21.55	21.45	29.35	27.65
NZ_DS483482	340001	342000	199	58.35	23.6	18.05	30.15	28.2
NZ_DS483482	342001	344000	186	65.05	15.75	19.2	32.2	32.85
NZ_DS483482	344001	346000	183	64.45	16.65	18.9	30.45	34.0
NZ_DS483482	346001	348000	200	65.8	16.15	18.05	32.2	33.6
NZ_DS483482	348001	350000	224	63.55	16.0	20.45	31.35	32.2
NZ_DS483482	350001	352000	152	57.55	17.9	24.55	27.9	29.65
NZ_DS483482	352001	354000	191	63.95	13.75	22.3	32.6	31.35
NZ_DS483482	354001	356000	181	62.5	19.0	18.5	30.8	31.7
NZ_DS483482	356001	358000	187	65.8	18.5	15.7	29.0	36.8
NZ_DS483482	358001	360000	183	61.3	16.65	22.05	31.8	29.5
NZ_DS483482	360001	362000	176	60.7	16.5	22.8	30.75	29.95
NZ_DS483482	362001	364000	153	61.6	16.15	22.25	29.85	31.75
NZ_DS483482	364001	366000	158	62.65	18.15	19.2	29.2	33.45
NZ_DS483482	366001	368000	161	64.3	18.3	17.4	31.1	33.2
NZ_DS483482	368001	370000	166	62.2	20.1	17.7	30.35	31.85
NZ_DS483482	370001	372000	158	55.8	21.5	22.7	28.35	27.45
NZ_DS483482	372001	374000	265	56.85	20.95	22.2	27.55	29.3
NZ_DS483482	374001	376000	363	61.15	20.15	18.7	30.45	30.7
NZ_DS483482	376001	378000	151	59.35	21.4	19.25	29.35	30.0
NZ_DS483482	378001	380000	261	59.0	19.6	21.4	28.35	30.65
NZ_DS483482	380001	382000	255	56.1	19.9	24.0	26.75	29.35
NZ_DS483482	382001	384000	270	57.95	19.55	22.5	29.25	28.7
NZ_DS483482	384001	386000	203	57.3	20.95	21.75	28.4	28.9
NZ_DS483482	386001	388000	273	63.85	19.35	16.8	31.9	31.95
NZ_DS483482	388001	390000	166	59.45	21.85	18.7	29.25	30.2
NZ_DS483482	390001	392000	172	57.4	22.4	20.2	27.95	29.45
NZ_DS483482	392001	394000	174	55.55	23.95	20.5	27.8	27.75
NZ_DS483482	394001	396000	159	64.45	17.5	18.05	32.05	32.4
NZ_DS483482	396001	398000	181	55.9	19.05	25.05	27.9	28.0
NZ_DS483482	398001	400000	240	56.95	21.1	21.95	28.4	28.55
NZ_DS483482	400001	402000	205	60.85	19.05	20.1	32.0	28.85
NZ_DS483482	402001	404000	155	59.5	22.1	18.4	29.25	30.25
NZ_DS483482	404001	406000	107	59.05	21.85	19.1	29.8	29.25
NZ_DS483482	406001	407782	280	51.23	21.94	26.82	24.8	26.43
NZ_DS483483	1	2000	176	49.15	24.5	26.35	25.6	23.55
NZ_DS483483	2001	4000	61	55.9	18.3	25.8	28.05	27.85
NZ_DS483483	4001	6000	49	51.75	24.55	23.7	25.55	26.2
NZ_DS483483	6001	8000	12	53.95	25.4	20.65	27.4	26.55
NZ_DS483483	8001	9202	558	56.82	25.96	17.22	28.04	28.79
NZ_DS483484	1	2000	729	38.65	31.05	30.3	22.45	16.2
NZ_DS483484	2001	4000	1007	35.75	36.05	28.2	22.75	13.0
NZ_DS483484	4001	6000	525	38.5	31.9	29.6	23.3	15.2
NZ_DS483484	6001	7326	227	38.61	30.62	30.77	22.32	16.29
NZ_DS483485	1	2000	310	57.9	21.4	20.7	30.55	27.35
NZ_DS483485	2001	4000	156	63.65	20.45	15.9	32.5	31.15
NZ_DS483485	4001	6000	130	59.85	20.7	19.45	32.4	27.45
NZ_DS483485	6001	8000	182	60.95	20.8	18.25	32.05	28.9
NZ_DS483485	8001	10000	174	63.1	19.5	17.4	32.7	30.4
NZ_DS483485	10001	12000	171	59.1	20.35	20.55	30.35	28.75
NZ_DS483485	12001	14000	208	62.7	18.45	18.85	33.65	29.05
NZ_DS483485	14001	16000	202	63.6	21.3	15.1	34.2	29.4
NZ_DS483485	16001	18000	165	60.15	19.95	19.9	30.6	29.55
NZ_DS483485	18001	19145	417	59.65	19.04	21.31	30.48	29.17
NZ_DS483486	1	2000	46	44.05	27.55	28.4	21.5	22.55
NZ_DS483486	2001	4000	541	35.95	27.9	36.15	12.35	23.6
NZ_DS483486	4001	6000	323	49.2	19.8	31.0	23.05	26.15
NZ_DS483486	6001	8000	287	53.0	18.2	28.8	26.2	26.8
NZ_DS483486	8001	10000	397	54.25	16.5	29.25	27.8	26.45
NZ_DS483486	10001	12000	282	47.65	23.6	28.75	23.05	24.6
NZ_DS483486	12001	13467	122	43.69	24.88	31.42	21.06	22.63
NZ_DS483487	1	2000	123	57.05	22.2	20.75	29.45	27.6
NZ_DS483487	2001	4000	243	58.35	20.45	21.2	31.45	26.9
NZ_DS483487	4001	6000	216	56.55	23.2	20.25	28.85	27.7
NZ_DS483487	6001	8000	173	59.95	21.85	18.2	31.9	28.05
NZ_DS483487	8001	10000	171	64.45	15.5	20.05	35.15	29.3
NZ_DS483487	10001	12000	204	61.95	21.55	16.5	33.7	28.25
NZ_DS483487	12001	14000	1073	44.3	29.6	26.1	23.8	20.5
NZ_DS483487	14001	16000	195	45.5	29.4	25.1	25.6	19.9
NZ_DS483487	16001	18000	217	51.55	25.1	23.35	25.9	25.65
NZ_DS483487	18001	20000	211	52.75	26.65	20.6	30.05	22.7
NZ_DS483487	20001	22000	309	52.35	24.75	22.9	29.25	23.1
NZ_DS483487	22001	24000	239	52.75	24.65	22.6	27.35	25.4
NZ_DS483487	24001	26000	224	41.35	30.85	27.8	24.55	16.8
NZ_DS483487	26001	27529	173	53.24	25.83	20.93	28.71	24.53
NZ_DS483488	1	2000	220	57.6	23.0	19.4	29.3	28.3
NZ_DS483488	2001	4000	153	60.15	21.85	18.0	29.65	30.5
NZ_DS483488	4001	6000	210	58.1	22.2	19.7	28.5	29.6
NZ_DS483488	6001	8000	220	57.55	19.95	22.5	28.15	29.4
NZ_DS483488	8001	10000	24	59.75	23.2	17.05	28.1	31.65
NZ_DS483488	10001	12000	0	45.15	27.55	27.3	20.05	25.1
NZ_DS483488	12001	14000	3	42.15	28.2	29.65	20.55	21.6
NZ_DS483488	14001	16000	214	38.5	27.35	34.15	14.45	24.05
NZ_DS483488	16001	18000	151	54.6	24.95	20.45	25.45	29.15
NZ_DS483488	18001	20000	68	45.4	26.35	28.25	20.35	25.05
NZ_DS483488	20001	20250	236	55.2	24.0	20.8	27.6	27.6
NZ_DS483489	1	2000	28	58.4	19.3	22.3	28.4	30.0
NZ_DS483489	2001	4000	0	54.2	25.0	20.8	28.5	25.7
NZ_DS483489	4001	6000	21	50.2	28.7	21.1	26.35	23.85
NZ_DS483489	6001	8000	235	53.95	27.0	19.05	28.45	25.5
NZ_DS483489	8001	10000	164	61.5	19.85	18.65	31.4	30.1
NZ_DS483489	10001	12000	191	60.3	18.25	21.45	30.45	29.85
NZ_DS483489	12001	14000	191	63.65	16.65	19.7	33.1	30.55
NZ_DS483489	14001	16000	190	62.2	20.95	16.85	31.65	30.55
NZ_DS483489	16001	18000	174	65.9	20.8	13.3	31.2	34.7
NZ_DS483489	18001	20000	147	58.55	20.35	21.1	29.75	28.8
NZ_DS483489	20001	22000	187	61.3	21.95	16.75	30.1	31.2
NZ_DS483489	22001	24000	167	66.45	17.45	16.1	30.8	35.65
NZ_DS483489	24001	26000	154	67.45	16.2	16.35	34.1	33.35
NZ_DS483489	26001	28000	39	65.0	16.95	18.05	33.3	31.7
NZ_DS483489	28001	30000	34	59.95	19.6	20.45	32.7	27.25
NZ_DS483489	30001	30118	126	43.22	38.98	17.8	24.58	18.64
NZ_DS483490	1	2000	426	55.9	25.55	18.55	29.85	26.05
NZ_DS483490	2001	4000	388	50.0	29.4	20.6	28.9	21.1
NZ_DS483490	4001	6000	231	51.75	27.7	20.55	30.85	20.9
NZ_DS483490	6001	8000	177	50.6	26.35	23.05	28.95	21.65
NZ_DS483490	8001	10000	291	59.4	20.6	20.0	29.25	30.15
NZ_DS483490	10001	12000	257	62.4	18.6	19.0	31.7	30.7
NZ_DS483490	12001	14000	273	60.95	17.7	21.35	30.7	30.25
NZ_DS483490	14001	16000	199	59.2	16.75	24.05	29.8	29.4
NZ_DS483490	16001	18000	244	55.95	24.0	20.05	27.25	28.7
NZ_DS483490	18001	20000	321	58.5	20.55	20.95	30.5	28.0
NZ_DS483490	20001	22000	206	58.4	19.7	21.9	29.65	28.75
NZ_DS483490	22001	24000	162	57.85	15.9	26.25	30.2	27.65
NZ_DS483490	24001	26000	158	56.8	20.55	22.65	29.5	27.3
NZ_DS483490	26001	28000	166	61.65	20.45	17.9	32.65	29.0
NZ_DS483490	28001	30000	138	61.55	23.45	15.0	33.15	28.4
NZ_DS483490	30001	32000	182	60.55	23.1	16.35	31.3	29.25
NZ_DS483490	32001	34000	183	62.7	17.5	19.8	31.1	31.6
NZ_DS483490	34001	36000	185	56.85	22.3	20.85	28.35	28.5
NZ_DS483490	36001	38000	203	59.45	20.3	20.25	28.5	30.95
NZ_DS483490	38001	40000	205	59.9	18.55	21.55	31.3	28.6
NZ_DS483490	40001	42000	141	56.7	23.1	20.2	31.05	25.65
NZ_DS483490	42001	42964	98	48.24	25.31	26.45	26.76	21.47
NZ_DS483491	1	2000	300	56.45	25.3	18.25	27.05	29.4
NZ_DS483491	2001	4000	114	53.7	23.9	22.4	26.25	27.45
NZ_DS483491	4001	6000	219	56.5	20.6	22.9	27.7	28.8
NZ_DS483491	6001	8000	174	61.25	19.6	19.15	31.35	29.9
NZ_DS483491	8001	10000	173	58.2	18.45	23.35	29.8	28.4
NZ_DS483491	10001	12000	154	61.55	19.75	18.7	30.75	30.8
NZ_DS483491	12001	14000	190	62.7	18.25	19.05	32.85	29.85
NZ_DS483491	14001	16000	164	62.45	18.05	19.5	29.85	32.6
NZ_DS483491	16001	18000	168	60.75	20.75	18.5	29.65	31.1
NZ_DS483491	18001	20000	204	63.8	16.8	19.4	32.75	31.05
NZ_DS483491	20001	22000	205	57.6	23.45	18.95	29.35	28.25
NZ_DS483491	22001	24000	193	60.8	23.35	15.85	31.6	29.2
NZ_DS483491	24001	26000	196	64.6	18.5	16.9	32.55	32.05
NZ_DS483491	26001	28000	200	63.0	17.35	19.65	31.75	31.25
NZ_DS483491	28001	30000	174	63.3	17.0	19.7	32.2	31.1
NZ_DS483491	30001	32000	205	65.05	16.45	18.5	32.15	32.9
NZ_DS483491	32001	34000	176	63.75	17.6	18.65	31.85	31.9
NZ_DS483491	34001	36000	194	60.7	18.45	20.85	32.15	28.55
NZ_DS483491	36001	38000	171	57.75	20.15	22.1	29.9	27.85
NZ_DS483491	38001	40000	183	63.65	20.35	16.0	32.5	31.15
NZ_DS483491	40001	42000	255	59.05	18.05	22.9	29.0	30.05
NZ_DS483491	42001	44000	234	58.3	23.5	18.2	29.85	28.45
NZ_DS483491	44001	46000	236	58.75	20.9	20.35	29.95	28.8
NZ_DS483491	46001	48000	179	61.95	18.4	19.65	31.75	30.2
NZ_DS483491	48001	50000	132	54.75	26.0	19.25	29.15	25.6
NZ_DS483491	50001	50695	356	58.99	21.15	19.86	31.08	27.91
NZ_DS483492	1	2000	787	49.4	29.7	20.9	25.95	23.45
NZ_DS483492	2001	4000	585	52.45	27.7	19.85	27.35	25.1
NZ_DS483492	4001	6000	183	49.75	29.2	21.05	26.45	23.3
NZ_DS483492	6001	8000	99	50.8	23.3	25.9	25.65	25.15
NZ_DS483492	8001	10000	46	53.55	25.4	21.05	26.45	27.1
NZ_DS483492	10001	12000	220	53.6	27.1	19.3	26.7	26.9
NZ_DS483492	12001	14000	582	53.65	25.4	20.95	28.8	24.85
NZ_DS483492	14001	16000	373	55.4	25.95	18.65	29.45	25.95
NZ_DS483492	16001	18000	577	49.85	25.8	24.35	26.8	23.05
NZ_DS483492	18001	20000	101	46.5	28.2	25.3	24.65	21.85
NZ_DS483492	20001	22000	73	52.7	27.0	20.3	26.5	26.2
NZ_DS483492	22001	24000	169	52.75	26.05	21.2	26.9	25.85
NZ_DS483492	24001	26000	371	51.5	26.2	22.3	26.85	24.65
NZ_DS483492	26001	28000	266	51.3	27.4	21.3	25.95	25.35
NZ_DS483492	28001	30000	174	51.8	27.5	20.7	28.7	23.1
NZ_DS483492	30001	32000	309	51.2	26.8	22.0	25.8	25.4
NZ_DS483492	32001	34000	434	56.3	20.9	22.8	27.25	29.05
NZ_DS483492	34001	36000	425	58.45	18.65	22.9	25.9	32.55
NZ_DS483492	36001	38000	529	54.0	21.65	24.35	26.2	27.8
NZ_DS483492	38001	40000	528	56.05	19.95	24.0	27.65	28.4
NZ_DS483492	40001	42000	552	57.3	19.75	22.95	27.35	29.95
NZ_DS483492	42001	44000	419	62.2	17.8	20.0	30.7	31.5
NZ_DS483492	44001	46000	184	55.65	20.05	24.3	26.2	29.45
NZ_DS483492	46001	47391	192	45.58	23.51	30.91	21.71	23.87
NZ_DS483493	1	2000	241	58.9	20.7	20.4	28.7	30.2
NZ_DS483493	2001	4000	182	64.0	15.7	20.3	31.1	32.9
NZ_DS483493	4001	6000	174	63.05	17.55	19.4	29.3	33.75
NZ_DS483493	6001	8000	167	59.85	18.4	21.75	28.0	31.85
NZ_DS483493	8001	10000	358	61.2	18.45	20.35	28.45	32.75
NZ_DS483493	10001	12000	358	55.1	20.8	24.1	26.7	28.4
NZ_DS483493	12001	14000	260	54.1	19.8	26.1	27.3	26.8
NZ_DS483493	14001	16000	383	58.25	19.75	22.0	29.5	28.75
NZ_DS483493	16001	18000	475	58.1	21.1	20.8	27.75	30.35
NZ_DS483493	18001	20000	494	56.6	19.75	23.65	27.6	29.0
NZ_DS483493	20001	22000	456	56.5	19.35	24.15	26.35	30.15
NZ_DS483493	22001	24000	426	57.6	19.0	23.4	29.95	27.65
NZ_DS483493	24001	26000	160	57.4	19.0	23.6	28.95	28.45
NZ_DS483493	26001	28000	179	55.6	18.2	26.2	26.75	28.85
NZ_DS483493	28001	30000	180	63.6	17.0	19.4	30.7	32.9
NZ_DS483493	30001	32000	180	60.15	20.05	19.8	28.6	31.55
NZ_DS483493	32001	34000	209	61.7	22.85	15.45	29.2	32.5
NZ_DS483493	34001	36000	198	55.85	24.3	19.85	27.1	28.75
NZ_DS483493	36001	38000	183	60.65	20.0	19.35	28.2	32.45
NZ_DS483493	38001	40000	88	64.15	18.0	17.85	29.85	34.3
NZ_DS483493	40001	42000	204	59.65	18.95	21.4	28.85	30.8
NZ_DS483493	42001	44000	180	61.0	18.9	20.1	29.8	31.2
NZ_DS483493	44001	46000	162	65.35	16.15	18.5	29.2	36.15
NZ_DS483493	46001	48000	186	57.95	19.0	23.05	27.75	30.2
NZ_DS483493	48001	50000	142	61.8	19.35	18.85	30.8	31.0
NZ_DS483493	50001	52000	168	63.0	18.1	18.9	27.95	35.05
NZ_DS483493	52001	54000	251	69.35	17.3	13.35	31.15	38.2
NZ_DS483493	54001	56000	194	59.3	18.1	22.6	28.85	30.45
NZ_DS483493	56001	58000	189	56.35	20.45	23.2	26.65	29.7
NZ_DS483493	58001	60000	172	59.2	18.9	21.9	28.15	31.05
NZ_DS483493	60001	62000	182	63.65	18.1	18.25	31.15	32.5
NZ_DS483493	62001	64000	244	59.95	20.2	19.85	29.75	30.2
NZ_DS483493	64001	66000	214	60.6	17.2	22.2	28.3	32.3
NZ_DS483493	66001	68000	138	63.95	15.9	20.15	30.75	33.2
NZ_DS483493	68001	70000	143	54.95	23.0	22.05	27.0	27.95
NZ_DS483493	70001	71339	239	62.66	16.95	20.39	30.92	31.74
NZ_DS483494	1	2000	218	52.3	21.05	26.65	24.3	28.0
NZ_DS483494	2001	4000	198	52.05	25.85	22.1	26.0	26.05
NZ_DS483494	4001	6000	128	59.7	19.9	20.4	29.9	29.8
NZ_DS483494	6001	8000	151	57.7	23.0	19.3	28.7	29.0
NZ_DS483494	8001	10000	175	56.7	20.8	22.5	26.05	30.65
NZ_DS483494	10001	12000	257	62.4	17.1	20.5	29.75	32.65
NZ_DS483494	12001	14000	140	57.35	24.15	18.5	30.35	27.0
NZ_DS483494	14001	16000	313	58.65	18.3	23.05	29.75	28.9
NZ_DS483494	16001	18000	258	58.5	19.85	21.65	28.25	30.25
NZ_DS483494	18001	20000	155	59.35	21.25	19.4	28.2	31.15
NZ_DS483494	20001	22000	173	62.95	20.1	16.95	30.55	32.4
NZ_DS483494	22001	24000	172	61.85	19.2	18.95	30.25	31.6
NZ_DS483494	24001	26000	166	62.6	18.4	19.0	29.2	33.4
NZ_DS483494	26001	28000	197	57.45	20.75	21.8	28.75	28.7
NZ_DS483494	28001	30000	114	59.0	19.5	21.5	28.05	30.95
NZ_DS483494	30001	32000	171	56.6	19.9	23.5	25.15	31.45
NZ_DS483494	32001	34000	157	54.95	17.9	27.15	23.5	31.45
NZ_DS483494	34001	36000	164	52.85	23.4	23.75	24.45	28.4
NZ_DS483494	36001	38000	140	49.0	24.85	26.15	21.8	27.2
NZ_DS483494	38001	40000	190	61.9	17.9	20.2	29.75	32.15
NZ_DS483494	40001	42000	187	60.55	18.4	21.05	29.8	30.75
NZ_DS483494	42001	44000	152	61.2	16.8	22.0	29.6	31.6
NZ_DS483494	44001	46000	225	57.75	19.2	23.05	26.65	31.1
NZ_DS483494	46001	48000	343	61.5	17.45	21.05	30.95	30.55
NZ_DS483494	48001	50000	190	58.35	20.35	21.3	27.95	30.4
NZ_DS483494	50001	52000	294	61.8	21.35	16.85	28.65	33.15
NZ_DS483494	52001	54000	161	59.1	18.8	22.1	30.5	28.6
NZ_DS483494	54001	56000	149	59.9	18.15	21.95	27.7	32.2
NZ_DS483494	56001	58000	201	55.9	20.15	23.95	26.15	29.75
NZ_DS483494	58001	60000	164	60.85	16.5	22.65	30.15	30.7
NZ_DS483494	60001	62000	163	56.25	18.25	25.5	27.9	28.35
NZ_DS483494	62001	64000	127	52.0	21.75	26.25	24.55	27.45
NZ_DS483494	64001	66000	157	62.05	19.75	18.2	29.3	32.75
NZ_DS483494	66001	68000	188	62.4	22.0	15.6	30.1	32.3
NZ_DS483494	68001	70000	138	59.25	19.25	21.5	26.4	32.85
NZ_DS483494	70001	72000	153	60.45	19.9	19.65	29.25	31.2
NZ_DS483494	72001	74000	170	54.4	25.8	19.8	25.4	29.0
NZ_DS483494	74001	76000	165	54.45	20.25	25.3	26.2	28.25
NZ_DS483494	76001	78000	180	55.9	24.55	19.55	27.15	28.75
NZ_DS483494	78001	80000	165	57.5	23.8	18.7	28.75	28.75
NZ_DS483494	80001	82000	164	57.8	20.45	21.75	29.15	28.65
NZ_DS483494	82001	84000	113	57.0	22.15	20.85	29.85	27.15
NZ_DS483494	84001	86000	156	54.4	21.0	24.6	24.65	29.75
NZ_DS483494	86001	88000	160	56.25	21.1	22.65	27.2	29.05
NZ_DS483494	88001	90000	150	61.05	18.1	20.85	27.25	33.8
NZ_DS483494	90001	92000	175	56.35	22.75	20.9	24.75	31.6
NZ_DS483494	92001	94000	116	58.05	21.8	20.15	27.05	31.0
NZ_DS483494	94001	96000	128	53.9	18.3	27.8	25.3	28.6
NZ_DS483494	96001	98000	127	49.5	23.45	27.05	22.7	26.8
NZ_DS483494	98001	100000	332	48.85	23.45	27.7	24.5	24.35
NZ_DS483494	100001	102000	10	48.4	24.3	27.3	23.55	24.85
NZ_DS483494	102001	104000	3	56.6	20.65	22.75	27.7	28.9
NZ_DS483494	104001	105972	52	57.3	20.13	22.57	27.94	29.36
NZ_DS483495	1	2000	75	50.0	28.9	21.1	26.05	23.95
NZ_DS483495	2001	4000	62	44.35	28.35	27.3	22.3	22.05
NZ_DS483495	4001	6000	191	43.2	25.6	31.2	18.3	24.9
NZ_DS483495	6001	8000	194	59.7	18.1	22.2	29.4	30.3
NZ_DS483495	8001	10000	172	60.65	16.65	22.7	29.85	30.8
NZ_DS483495	10001	12000	186	57.8	20.25	21.95	28.2	29.6
NZ_DS483495	12001	14000	197	60.4	20.15	19.45	27.85	32.55
NZ_DS483495	14001	16000	218	59.4	21.9	18.7	27.9	31.5
NZ_DS483495	16001	18000	238	57.95	16.9	25.15	28.6	29.35
NZ_DS483495	18001	20000	179	62.35	17.3	20.35	31.3	31.05
NZ_DS483495	20001	22000	142	60.3	19.35	20.35	31.0	29.3
NZ_DS483495	22001	24000	70	54.65	21.7	23.65	25.6	29.05
NZ_DS483495	24001	26000	126	47.1	28.0	24.9	23.2	23.9
NZ_DS483495	26001	28000	175	57.5	19.45	23.05	28.7	28.8
NZ_DS483495	28001	30000	250	60.95	19.85	19.2	30.15	30.8
NZ_DS483495	30001	32000	241	57.95	19.0	23.05	28.6	29.35
NZ_DS483495	32001	34000	215	54.15	23.05	22.8	27.1	27.05
NZ_DS483495	34001	36000	179	59.45	21.85	18.7	27.7	31.75
NZ_DS483495	36001	38000	150	59.95	18.5	21.55	30.05	29.9
NZ_DS483495	38001	40000	155	56.45	20.5	23.05	27.4	29.05
NZ_DS483495	40001	42000	147	61.55	16.9	21.55	31.95	29.6
NZ_DS483495	42001	44000	192	57.45	18.7	23.85	27.8	29.65
NZ_DS483495	44001	46000	174	57.4	21.7	20.9	27.95	29.45
NZ_DS483495	46001	48000	182	55.85	20.95	23.2	26.35	29.5
NZ_DS483495	48001	50000	268	60.85	18.85	20.3	31.0	29.85
NZ_DS483495	50001	52000	189	62.05	18.3	19.65	31.3	30.75
NZ_DS483495	52001	54000	187	60.4	17.25	22.35	30.3	30.1
NZ_DS483495	54001	56000	192	60.55	17.5	21.95	30.85	29.7
NZ_DS483495	56001	58000	188	62.4	17.45	20.15	30.8	31.6
NZ_DS483495	58001	60000	158	61.4	18.05	20.55	30.8	30.6
NZ_DS483495	60001	62000	153	55.0	21.05	23.95	25.9	29.1
NZ_DS483495	62001	64000	227	59.8	22.35	17.85	30.0	29.8
NZ_DS483495	64001	66000	233	61.05	19.0	19.95	30.75	30.3
NZ_DS483495	66001	68000	212	59.05	20.05	20.9	28.75	30.3
NZ_DS483495	68001	70000	165	57.85	20.05	22.1	28.55	29.3
NZ_DS483495	70001	72000	356	62.1	16.6	21.3	30.6	31.5
NZ_DS483495	72001	74000	215	60.95	17.0	22.05	29.35	31.6
NZ_DS483495	74001	76000	189	60.45	14.45	25.1	29.6	30.85
NZ_DS483495	76001	78000	160	59.7	17.0	23.3	28.85	30.85
NZ_DS483495	78001	80000	144	59.75	22.5	17.75	28.4	31.35
NZ_DS483495	80001	82000	133	58.9	23.35	17.75	29.25	29.65
NZ_DS483495	82001	84000	132	58.15	21.5	20.35	30.4	27.75
NZ_DS483495	84001	86000	178	58.4	19.5	22.1	29.15	29.25
NZ_DS483495	86001	88000	199	55.8	21.6	22.6	26.6	29.2
NZ_DS483495	88001	90000	162	58.75	20.85	20.4	28.1	30.65
NZ_DS483495	90001	92000	168	61.3	20.45	18.25	29.85	31.45
NZ_DS483495	92001	94000	214	59.7	22.95	17.35	28.95	30.75
NZ_DS483495	94001	96000	6	58.4	20.95	20.65	28.7	29.7
NZ_DS483495	96001	98000	26	60.15	17.7	22.15	30.8	29.35
NZ_DS483495	98001	100000	134	63.15	19.05	17.8	31.45	31.7
NZ_DS483495	100001	102000	62	57.5	23.4	19.1	28.2	29.3
NZ_DS483495	102001	102896	85	49.11	25.67	25.22	24.22	24.89
NZ_DS483496	1	2000	363	46.8	26.1	27.1	22.15	24.65
NZ_DS483496	2001	4000	172	46.8	23.0	30.2	23.0	23.8
NZ_DS483496	4001	6000	172	52.35	26.7	20.95	26.7	25.65
NZ_DS483496	6001	8000	124	52.6	21.2	26.2	24.95	27.65
NZ_DS483496	8001	10000	66	54.5	20.15	25.35	26.9	27.6
NZ_DS483496	10001	12000	62	51.0	21.3	27.7	25.35	25.65
NZ_DS483496	12001	14000	180	53.55	20.8	25.65	27.15	26.4
NZ_DS483496	14001	16000	144	60.9	17.5	21.6	32.3	28.6
NZ_DS483496	16001	18000	185	61.8	18.15	20.05	31.1	30.7
NZ_DS483496	18001	20000	173	61.3	18.0	20.7	30.5	30.8
NZ_DS483496	20001	22000	155	60.9	16.8	22.3	30.55	30.35
NZ_DS483496	22001	24000	113	61.55	16.55	21.9	31.1	30.45
NZ_DS483496	24001	26000	124	62.55	16.55	20.9	29.9	32.65
NZ_DS483496	26001	28000	92	62.35	17.5	20.15	28.95	33.4
NZ_DS483496	28001	30000	166	56.6	18.8	24.6	27.9	28.7
NZ_DS483496	30001	32000	198	59.6	19.55	20.85	29.3	30.3
NZ_DS483496	32001	34000	183	60.55	19.5	19.95	30.05	30.5
NZ_DS483496	34001	36000	226	48.85	23.45	27.7	23.0	25.85
NZ_DS483496	36001	38000	232	51.6	22.2	26.2	24.35	27.25
NZ_DS483496	38001	40000	224	55.85	18.4	25.75	27.45	28.4
NZ_DS483496	40001	42000	263	51.5	21.05	27.45	24.95	26.55
NZ_DS483496	42001	44000	175	52.55	21.05	26.4	24.3	28.25
NZ_DS483496	44001	46000	186	58.05	21.95	20.0	30.5	27.55
NZ_DS483496	46001	48000	191	56.45	23.5	20.05	27.85	28.6
NZ_DS483496	48001	50000	200	58.2	17.15	24.65	27.65	30.55
NZ_DS483496	50001	52000	227	57.15	20.8	22.05	29.4	27.75
NZ_DS483496	52001	54000	316	54.65	18.4	26.95	27.2	27.45
NZ_DS483496	54001	56000	394	54.8	18.25	26.95	25.35	29.45
NZ_DS483496	56001	58000	336	54.55	21.2	24.25	23.9	30.65
NZ_DS483496	58001	60000	231	53.65	24.4	21.95	25.0	28.65
NZ_DS483496	60001	62000	221	53.2	19.3	27.5	24.35	28.85
NZ_DS483496	62001	64000	176	56.95	21.0	22.05	27.4	29.55
NZ_DS483496	64001	66000	223	57.7	19.55	22.75	28.0	29.7
NZ_DS483496	66001	68000	330	55.7	18.0	26.3	27.2	28.5
NZ_DS483496	68001	70000	214	53.5	22.9	23.6	25.75	27.75
NZ_DS483496	70001	72000	185	52.8	21.2	26.0	25.15	27.65
NZ_DS483496	72001	74000	191	49.75	23.55	26.7	22.2	27.55
NZ_DS483496	74001	76000	126	50.15	22.5	27.35	23.85	26.3
NZ_DS483496	76001	78000	222	50.6	23.8	25.6	24.1	26.5
NZ_DS483496	78001	80000	146	54.8	21.2	24.0	25.4	29.4
NZ_DS483496	80001	82000	200	53.9	21.7	24.4	24.35	29.55
NZ_DS483496	82001	84000	226	50.45	21.85	27.7	22.3	28.15
NZ_DS483496	84001	86000	204	47.75	22.3	29.95	21.05	26.7
NZ_DS483496	86001	88000	9	56.65	19.1	24.25	25.9	30.75
NZ_DS483496	88001	88016	209	50.0	25.0	25.0	18.75	31.25
NZ_DS483497	1	2000	185	62.0	18.1	19.9	29.75	32.25
NZ_DS483497	2001	4000	214	59.2	20.1	20.7	29.25	29.95
NZ_DS483497	4001	6000	190	56.45	23.15	20.4	29.0	27.45
NZ_DS483497	6001	8000	201	60.0	20.8	19.2	29.6	30.4
NZ_DS483497	8001	10000	224	57.9	22.95	19.15	26.35	31.55
NZ_DS483497	10001	12000	262	57.35	22.55	20.1	28.0	29.35
NZ_DS483497	12001	14000	162	61.65	18.95	19.4	29.45	32.2
NZ_DS483497	14001	16000	201	59.15	17.95	22.9	30.05	29.1
NZ_DS483497	16001	18000	101	61.2	19.1	19.7	30.5	30.7
NZ_DS483497	18001	20000	200	59.9	18.85	21.25	30.65	29.25
NZ_DS483497	20001	22000	328	56.3	19.7	24.0	29.4	26.9
NZ_DS483497	22001	24000	337	56.25	18.65	25.1	28.9	27.35
NZ_DS483497	24001	26000	6	54.4	21.1	24.5	28.7	25.7
NZ_DS483497	26001	28000	2	47.2	28.7	24.1	26.3	20.9
NZ_DS483497	28001	30000	1	52.9	26.6	20.5	26.3	26.6
NZ_DS483497	30001	32000	1	51.65	27.1	21.25	27.6	24.05
NZ_DS483497	32001	34000	6	42.65	30.0	27.35	21.95	20.7
NZ_DS483497	34001	36000	148	49.5	26.1	24.4	24.95	24.55
NZ_DS483497	36001	38000	136	55.15	22.05	22.8	28.9	26.25
NZ_DS483497	38001	40000	120	60.4	21.25	18.35	33.95	26.45
NZ_DS483497	40001	42000	140	62.2	18.85	18.95	30.7	31.5
NZ_DS483497	42001	44000	111	57.65	23.9	18.45	27.3	30.35
NZ_DS483497	44001	46000	122	56.95	24.55	18.5	29.35	27.6
NZ_DS483497	46001	48000	11	58.55	21.2	20.25	30.45	28.1
NZ_DS483497	48001	50000	50	59.3	22.0	18.7	32.4	26.9
NZ_DS483497	50001	52000	145	55.85	23.8	20.35	27.0	28.85
NZ_DS483497	52001	54000	175	61.05	21.9	17.05	30.05	31.0
NZ_DS483497	54001	56000	273	59.05	20.35	20.6	30.15	28.9
NZ_DS483497	56001	58000	151	59.35	23.25	17.4	31.25	28.1
NZ_DS483497	58001	60000	267	56.05	24.3	19.65	28.4	27.65
NZ_DS483497	60001	62000	219	55.65	21.9	22.45	27.7	27.95
NZ_DS483497	62001	64000	247	59.8	21.8	18.4	29.15	30.65
NZ_DS483497	64001	66000	210	59.15	21.85	19.0	30.3	28.85
NZ_DS483497	66001	68000	215	57.55	19.25	23.2	29.4	28.15
NZ_DS483497	68001	70000	71	60.35	17.45	22.2	30.25	30.1
NZ_DS483497	70001	72000	193	52.15	25.0	22.85	27.35	24.8
NZ_DS483497	72001	74000	237	62.05	17.9	20.05	31.75	30.3
NZ_DS483497	74001	76000	147	61.25	21.15	17.6	30.6	30.65
NZ_DS483497	76001	78000	183	58.65	21.1	20.25	29.9	28.75
NZ_DS483497	78001	80000	184	60.45	18.4	21.15	30.5	29.95
NZ_DS483497	80001	82000	204	59.8	18.3	21.9	29.2	30.6
NZ_DS483497	82001	84000	187	63.65	20.2	16.15	31.55	32.1
NZ_DS483497	84001	86000	181	58.65	20.75	20.6	28.8	29.85
NZ_DS483497	86001	88000	53	59.9	21.6	18.5	30.45	29.45
NZ_DS483497	88001	90000	194	60.4	17.55	22.05	30.5	29.9
NZ_DS483497	90001	92000	210	64.6	18.25	17.15	34.25	30.35
NZ_DS483497	92001	94000	296	60.25	18.05	21.7	30.0	30.25
NZ_DS483497	94001	96000	159	61.15	18.95	19.9	31.75	29.4
NZ_DS483497	96001	98000	99	60.8	22.6	16.6	31.15	29.65
NZ_DS483497	98001	100000	179	56.95	21.85	21.2	29.1	27.85
NZ_DS483497	100001	102000	196	64.65	16.45	18.9	32.55	32.1
NZ_DS483497	102001	103074	195	65.46	18.44	16.11	32.4	33.05
NZ_DS483498	1	2000	113	62.25	19.35	18.4	30.4	31.85
NZ_DS483498	2001	4000	205	55.45	20.85	23.7	28.2	27.25
NZ_DS483498	4001	6000	134	61.2	16.35	22.45	29.5	31.7
NZ_DS483498	6001	8000	212	56.6	23.75	19.65	28.8	27.8
NZ_DS483498	8001	10000	224	62.8	20.0	17.2	33.2	29.6
NZ_DS483498	10001	12000	151	61.85	20.05	18.1	29.8	32.05
NZ_DS483498	12001	14000	208	61.85	20.2	17.95	32.7	29.15
NZ_DS483498	14001	16000	145	59.95	23.3	16.75	31.25	28.7
NZ_DS483498	16001	18000	202	57.75	18.15	24.1	29.85	27.9
NZ_DS483498	18001	20000	193	61.8	22.4	15.8	31.8	30.0
NZ_DS483498	20001	22000	126	59.8	18.7	21.5	28.1	31.7
NZ_DS483498	22001	24000	137	59.85	21.75	18.4	29.75	30.1
NZ_DS483498	24001	26000	156	58.15	20.9	20.95	31.45	26.7
NZ_DS483498	26001	28000	163	60.4	16.1	23.5	31.3	29.1
NZ_DS483498	28001	30000	134	62.65	16.7	20.65	32.25	30.4
NZ_DS483498	30001	32000	159	60.35	17.9	21.75	29.1	31.25
NZ_DS483498	32001	34000	172	57.1	21.35	21.55	26.35	30.75
NZ_DS483498	34001	36000	112	55.2	27.4	17.4	28.2	27.0
NZ_DS483498	36001	38000	90	54.65	25.65	19.7	26.85	27.8
NZ_DS483498	38001	40000	0	48.75	21.7	29.55	22.5	26.25
NZ_DS483498	40001	42000	0	49.85	23.95	26.2	23.15	26.7
NZ_DS483498	42001	44000	0	50.25	23.7	26.05	22.9	27.35
NZ_DS483498	44001	46000	0	48.3	23.05	28.65	21.75	26.55
NZ_DS483498	46001	48000	0	46.7	26.0	27.3	19.0	27.7
NZ_DS483498	48001	50000	1	48.25	24.8	26.95	20.75	27.5
NZ_DS483498	50001	52000	53	44.95	23.85	31.2	18.4	26.55
NZ_DS483498	52001	54000	81	53.6	27.2	19.2	25.55	28.05
NZ_DS483498	54001	56000	48	51.15	28.15	20.7	24.4	26.75
NZ_DS483498	56001	58000	43	57.55	20.3	22.15	28.0	29.55
NZ_DS483498	58001	60000	49	58.4	22.05	19.55	30.3	28.1
NZ_DS483498	60001	62000	45	55.15	23.4	21.45	25.7	29.45
NZ_DS483498	62001	64000	42	56.15	21.2	22.65	27.0	29.15
NZ_DS483498	64001	66000	50	56.9	21.25	21.85	26.1	30.8
NZ_DS483498	66001	68000	39	57.95	24.1	17.95	27.6	30.35
NZ_DS483498	68001	70000	41	60.15	20.5	19.35	29.35	30.8
NZ_DS483498	70001	72000	62	60.3	22.15	17.55	28.0	32.3
NZ_DS483498	72001	74000	55	49.95	25.1	24.95	24.8	25.15
NZ_DS483498	74001	76000	105	47.75	28.75	23.5	22.35	25.4
NZ_DS483498	76001	78000	458	54.1	26.9	19.0	26.1	28.0
NZ_DS483498	78001	80000	713	50.45	24.0	25.55	21.7	28.75
NZ_DS483498	80001	82000	518	49.4	19.85	30.75	19.6	29.8
NZ_DS483498	82001	84000	287	51.55	19.45	29.0	22.95	28.6
NZ_DS483498	84001	86000	184	55.8	25.0	19.2	27.35	28.45
NZ_DS483498	86001	88000	192	59.15	20.2	20.65	28.5	30.65
NZ_DS483498	88001	90000	148	59.55	20.6	19.85	28.9	30.65
NZ_DS483498	90001	92000	107	61.3	16.15	22.55	29.75	31.55
NZ_DS483498	92001	94000	259	56.9	20.6	22.5	28.1	28.8
NZ_DS483498	94001	96000	147	61.2	20.15	18.65	27.45	33.75
NZ_DS483498	96001	96475	171	48.84	27.37	23.79	23.16	25.68
NZ_DS483499	1	2000	101	58.1	19.9	22.0	29.2	28.9
NZ_DS483499	2001	4000	187	52.55	23.8	23.65	28.05	24.5
NZ_DS483499	4001	6000	259	55.65	22.05	22.3	28.2	27.45
NZ_DS483499	6001	8000	181	60.75	21.45	17.8	28.2	32.55
NZ_DS483499	8001	10000	220	54.05	21.4	24.55	25.7	28.35
NZ_DS483499	10001	12000	164	62.0	19.0	19.0	31.45	30.55
NZ_DS483499	12001	14000	182	61.35	20.6	18.05	30.7	30.65
NZ_DS483499	14001	16000	179	65.05	20.3	14.65	33.7	31.35
NZ_DS483499	16001	18000	96	58.65	24.0	17.35	29.4	29.25
NZ_DS483499	18001	20000	160	56.45	20.1	23.45	29.85	26.6
NZ_DS483499	20001	22000	191	60.1	20.5	19.4	31.1	29.0
NZ_DS483499	22001	24000	179	61.65	17.6	20.75	30.4	31.25
NZ_DS483499	24001	26000	162	55.35	20.25	24.4	26.45	28.9
NZ_DS483499	26001	28000	0	49.7	22.8	27.5	24.1	25.6
NZ_DS483499	28001	30000	0	45.55	25.4	29.05	22.45	23.1
NZ_DS483499	30001	32000	0	48.65	26.4	24.95	23.2	25.45
NZ_DS483499	32001	34000	0	47.2	26.85	25.95	22.1	25.1
NZ_DS483499	34001	36000	68	46.2	29.2	24.6	21.55	24.65
NZ_DS483499	36001	38000	348	46.55	28.4	25.05	23.75	22.8
NZ_DS483499	38001	40000	251	51.75	29.2	19.05	26.8	24.95
NZ_DS483499	40001	42000	226	56.1	17.75	26.15	28.1	28.0
NZ_DS483499	42001	44000	321	54.6	18.1	27.3	26.4	28.2
NZ_DS483499	44001	46000	348	56.25	18.85	24.9	27.55	28.7
NZ_DS483499	46001	48000	301	54.7	20.7	24.6	27.85	26.85
NZ_DS483499	48001	50000	460	56.85	17.95	25.2	28.25	28.6
NZ_DS483499	50001	52000	360	54.7	20.45	24.85	28.85	25.85
NZ_DS483499	52001	54000	253	53.7	23.55	22.75	26.05	27.65
NZ_DS483499	54001	56000	124	55.0	19.2	25.8	28.1	26.9
NZ_DS483499	56001	58000	93	54.6	17.8	27.6	27.8	26.8
NZ_DS483499	58001	60000	139	49.55	21.3	29.15	23.55	26.0
NZ_DS483499	60001	62000	184	50.1	18.75	31.15	25.2	24.9
NZ_DS483499	62001	64000	249	53.2	18.05	28.75	26.65	26.55
NZ_DS483499	64001	66000	7	53.0	22.0	25.0	27.35	25.65
NZ_DS483499	66001	68000	0	53.2	24.4	22.4	27.6	25.6
NZ_DS483499	68001	70000	4	54.15	18.1	27.75	26.85	27.3
NZ_DS483499	70001	72000	178	52.6	24.7	22.7	27.1	25.5
NZ_DS483499	72001	74000	216	62.2	19.4	18.4	30.75	31.45
NZ_DS483499	74001	76000	238	60.4	21.35	18.25	30.3	30.1
NZ_DS483499	76001	78000	176	60.45	18.3	21.25	30.3	30.15
NZ_DS483499	78001	80000	217	55.55	21.25	23.2	26.7	28.85
NZ_DS483499	80001	82000	214	58.55	20.0	21.45	27.85	30.7
NZ_DS483499	82001	84000	356	58.65	18.75	22.6	29.95	28.7
NZ_DS483499	84001	86000	172	62.1	17.3	20.6	32.95	29.15
NZ_DS483499	86001	88000	176	56.05	21.3	22.65	28.95	27.1
NZ_DS483499	88001	90000	166	62.85	20.6	16.55	31.2	31.65
NZ_DS483499	90001	92000	169	63.0	20.1	16.9	33.3	29.7
NZ_DS483499	92001	94000	156	55.7	24.55	19.75	29.1	26.6
NZ_DS483499	94001	96000	173	56.8	23.2	20.0	30.55	26.25
NZ_DS483499	96001	98000	258	60.65	17.55	21.8	31.35	29.3
NZ_DS483499	98001	100000	230	58.85	23.0	18.15	29.45	29.4
NZ_DS483499	100001	102000	241	60.3	19.2	20.5	30.6	29.7
NZ_DS483499	102001	104000	278	59.9	19.3	20.8	30.85	29.05
NZ_DS483499	104001	106000	206	59.05	22.5	18.45	30.95	28.1
NZ_DS483499	106001	108000	221	57.2	22.8	20.0	27.95	29.25
NZ_DS483499	108001	110000	131	56.65	24.35	19.0	29.95	26.7
NZ_DS483499	110001	112000	176	55.8	24.3	19.9	29.65	26.15
NZ_DS483499	112001	114000	145	59.25	22.85	17.9	30.95	28.3
NZ_DS483499	114001	116000	162	57.6	23.8	18.6	28.25	29.35
NZ_DS483499	116001	118000	223	66.9	16.6	16.5	36.45	30.45
NZ_DS483499	118001	120000	265	60.05	22.35	17.6	31.35	28.7
NZ_DS483499	120001	122000	182	56.75	21.05	22.2	28.95	27.8
NZ_DS483499	122001	124000	110	60.65	22.9	16.45	30.7	29.95
NZ_DS483499	124001	126000	227	55.2	25.7	19.1	30.4	24.8
NZ_DS483499	126001	128000	246	59.6	18.6	21.8	30.15	29.45
NZ_DS483499	128001	130000	203	56.1	19.4	24.5	27.65	28.45
NZ_DS483499	130001	132000	159	64.25	19.1	16.65	31.15	33.1
NZ_DS483499	132001	134000	179	62.4	20.75	16.85	32.85	29.55
NZ_DS483499	134001	136000	211	58.2	22.05	19.75	29.65	28.55
NZ_DS483499	136001	138000	170	59.4	17.65	22.95	32.35	27.05
NZ_DS483499	138001	140000	171	62.4	19.7	17.9	32.05	30.35
NZ_DS483499	140001	142000	208	59.6	21.15	19.25	28.7	30.9
NZ_DS483499	142001	144000	170	59.1	19.85	21.05	31.0	28.1
NZ_DS483499	144001	146000	204	59.85	22.65	17.5	32.65	27.2
NZ_DS483499	146001	148000	281	60.7	17.95	21.35	31.45	29.25
NZ_DS483499	148001	150000	185	60.15	21.05	18.8	29.6	30.55
NZ_DS483499	150001	152000	186	61.35	20.25	18.4	31.1	30.25
NZ_DS483499	152001	154000	118	59.65	20.75	19.6	30.25	29.4
NZ_DS483499	154001	155107	176	42.46	29.36	28.18	24.39	18.07
NZ_DS483500	1	2000	276	36.9	33.4	29.7	22.4	14.5
NZ_DS483500	2001	4000	166	47.25	27.35	25.4	25.25	22.0
NZ_DS483500	4001	6000	153	54.15	25.75	20.1	27.9	26.25
NZ_DS483500	6001	8000	228	59.55	21.25	19.2	30.3	29.25
NZ_DS483500	8001	10000	236	58.4	20.25	21.35	29.45	28.95
NZ_DS483500	10001	12000	250	60.75	20.15	19.1	29.95	30.8
NZ_DS483500	12001	14000	132	60.7	21.6	17.7	28.75	31.95
NZ_DS483500	14001	16000	99	58.0	23.05	18.95	29.75	28.25
NZ_DS483500	16001	18000	87	62.5	17.5	20.0	30.05	32.45
NZ_DS483500	18001	20000	150	59.25	21.45	19.3	28.65	30.6
NZ_DS483500	20001	22000	144	62.8	18.45	18.75	31.85	30.95
NZ_DS483500	22001	24000	154	60.6	21.2	18.2	31.05	29.55
NZ_DS483500	24001	26000	137	59.05	20.05	20.9	30.1	28.95
NZ_DS483500	26001	28000	166	59.65	22.5	17.85	29.3	30.35
NZ_DS483500	28001	30000	171	57.85	20.7	21.45	29.0	28.85
NZ_DS483500	30001	32000	187	56.85	24.9	18.25	30.5	26.35
NZ_DS483500	32001	34000	148	57.8	18.5	23.7	27.65	30.15
NZ_DS483500	34001	36000	57	55.25	23.8	20.95	28.75	26.5
NZ_DS483500	36001	38000	153	55.1	24.1	20.8	29.3	25.8
NZ_DS483500	38001	40000	211	55.95	20.0	24.05	26.4	29.55
NZ_DS483500	40001	42000	163	59.35	21.8	18.85	28.5	30.85
NZ_DS483500	42001	44000	139	56.3	21.7	22.0	26.5	29.8
NZ_DS483500	44001	46000	156	60.45	20.3	19.25	31.55	28.9
NZ_DS483500	46001	48000	200	61.25	19.4	19.35	30.45	30.8
NZ_DS483500	48001	50000	145	61.25	18.6	20.15	32.05	29.2
NZ_DS483500	50001	52000	171	56.6	20.9	22.5	30.35	26.25
NZ_DS483500	52001	54000	153	59.65	19.2	21.15	30.9	28.75
NZ_DS483500	54001	56000	140	60.4	19.6	20.0	30.1	30.3
NZ_DS483500	56001	58000	130	60.8	19.8	19.4	34.7	26.1
NZ_DS483500	58001	60000	137	54.55	22.1	23.35	29.7	24.85
NZ_DS483500	60001	62000	188	57.6	23.65	18.75	28.85	28.75
NZ_DS483500	62001	64000	175	58.8	23.15	18.05	27.35	31.45
NZ_DS483500	64001	66000	208	61.6	19.95	18.45	33.0	28.6
NZ_DS483500	66001	68000	143	58.85	22.4	18.75	30.85	28.0
NZ_DS483500	68001	70000	158	63.2	19.35	17.45	31.35	31.85
NZ_DS483500	70001	72000	219	61.0	19.65	19.35	31.4	29.6
NZ_DS483500	72001	74000	150	57.55	22.3	20.15	30.4	27.15
NZ_DS483500	74001	76000	204	61.0	18.1	20.9	33.15	27.85
NZ_DS483500	76001	78000	143	62.9	20.35	16.75	33.3	29.6
NZ_DS483500	78001	80000	191	57.7	20.15	22.15	29.2	28.5
NZ_DS483500	80001	82000	210	54.5	24.85	20.65	27.25	27.25
NZ_DS483500	82001	84000	137	59.3	20.4	20.3	29.0	30.3
NZ_DS483500	84001	86000	143	57.35	21.8	20.85	30.35	27.0
NZ_DS483500	86001	88000	182	60.75	21.75	17.5	33.55	27.2
NZ_DS483500	88001	90000	178	56.1	19.15	24.75	27.2	28.9
NZ_DS483500	90001	92000	144	60.75	16.95	22.3	29.4	31.35
NZ_DS483500	92001	94000	186	61.85	19.4	18.75	31.3	30.55
NZ_DS483500	94001	96000	195	62.65	17.25	20.1	30.4	32.25
NZ_DS483500	96001	98000	160	60.25	16.8	22.95	30.8	29.45
NZ_DS483500	98001	100000	237	61.1	18.7	20.2	31.45	29.65
NZ_DS483500	100001	102000	265	65.95	16.7	17.35	34.5	31.45
NZ_DS483500	102001	104000	148	58.8	20.65	20.55	28.75	30.05
NZ_DS483500	104001	106000	150	65.15	15.4	19.45	37.05	28.1
NZ_DS483500	106001	108000	148	60.1	20.4	19.5	31.1	29.0
NZ_DS483500	108001	110000	178	58.5	20.95	20.55	29.75	28.75
NZ_DS483500	110001	112000	217	58.55	21.05	20.4	30.4	28.15
NZ_DS483500	112001	114000	251	60.7	18.9	20.4	31.2	29.5
NZ_DS483500	114001	116000	147	54.5	20.15	25.35	28.55	25.95
NZ_DS483500	116001	118000	133	61.75	22.4	15.85	32.05	29.7
NZ_DS483500	118001	120000	197	60.45	20.5	19.05	30.3	30.15
NZ_DS483500	120001	122000	144	59.85	20.75	19.4	32.35	27.5
NZ_DS483500	122001	124000	132	59.55	20.65	19.8	31.9	27.65
NZ_DS483500	124001	126000	172	59.0	22.55	18.45	28.4	30.6
NZ_DS483500	126001	128000	181	59.35	20.15	20.5	27.85	31.5
NZ_DS483500	128001	130000	154	63.65	19.0	17.35	34.35	29.3
NZ_DS483500	130001	132000	202	59.0	23.4	17.6	29.9	29.1
NZ_DS483500	132001	134000	140	58.95	22.8	18.25	29.55	29.4
NZ_DS483500	134001	136000	173	61.9	19.85	18.25	33.35	28.55
NZ_DS483500	136001	138000	146	60.55	20.5	18.95	30.4	30.15
NZ_DS483500	138001	140000	121	63.95	20.05	16.0	31.3	32.65
NZ_DS483500	140001	142000	163	60.15	23.0	16.85	31.9	28.25
NZ_DS483500	142001	144000	164	60.65	19.25	20.1	31.3	29.35
NZ_DS483500	144001	146000	148	56.9	21.7	21.4	28.75	28.15
NZ_DS483500	146001	148000	151	58.7	22.55	18.75	31.15	27.55
NZ_DS483500	148001	150000	152	59.55	18.95	21.5	29.65	29.9
NZ_DS483500	150001	152000	161	56.3	21.85	21.85	27.75	28.55
NZ_DS483500	152001	154000	120	60.65	21.8	17.55	30.7	29.95
NZ_DS483500	154001	156000	132	65.9	18.05	16.05	33.8	32.1
NZ_DS483500	156001	158000	162	63.6	18.7	17.7	33.25	30.35
NZ_DS483500	158001	160000	230	55.1	27.0	17.9	28.4	26.7
NZ_DS483500	160001	162000	158	61.85	19.65	18.5	31.85	30.0
NZ_DS483500	162001	164000	174	61.9	18.45	19.65	34.4	27.5
NZ_DS483500	164001	166000	203	59.4	21.7	18.9	30.3	29.1
NZ_DS483500	166001	168000	183	59.5	21.5	19.0	31.25	28.25
NZ_DS483500	168001	170000	175	60.85	17.95	21.2	30.8	30.05
NZ_DS483500	170001	172000	20	60.7	18.95	20.35	32.0	28.7
NZ_DS483500	172001	174000	0	48.85	26.55	24.6	25.2	23.65
NZ_DS483500	174001	176000	0	55.2	18.75	26.05	28.25	26.95
NZ_DS483500	176001	178000	0	53.95	19.05	27.0	26.95	27.0
NZ_DS483500	178001	180000	0	59.35	17.5	23.15	31.3	28.05
NZ_DS483500	180001	182000	0	52.9	22.95	24.15	26.05	26.85
NZ_DS483500	182001	184000	0	55.95	19.35	24.7	28.15	27.8
NZ_DS483500	184001	186000	0	52.6	22.45	24.95	26.85	25.75
NZ_DS483500	186001	188000	0	51.8	20.45	27.75	25.2	26.6
NZ_DS483500	188001	190000	0	56.0	19.35	24.65	28.3	27.7
NZ_DS483500	190001	192000	0	56.15	19.65	24.2	28.65	27.5
NZ_DS483500	192001	194000	0	54.95	20.2	24.85	29.1	25.85
NZ_DS483500	194001	196000	0	56.85	18.8	24.35	30.35	26.5
NZ_DS483500	196001	198000	0	57.5	17.4	25.1	29.45	28.05
NZ_DS483500	198001	200000	0	53.6	19.6	26.8	27.05	26.55
NZ_DS483500	200001	202000	0	54.85	18.35	26.8	28.25	26.6
NZ_DS483500	202001	204000	0	52.05	20.45	27.5	25.65	26.4
NZ_DS483500	204001	206000	0	52.25	23.85	23.9	28.25	24.0
NZ_DS483500	206001	208000	0	56.85	18.4	24.75	29.65	27.2
NZ_DS483500	208001	210000	0	60.25	16.1	23.65	29.65	30.6
NZ_DS483500	210001	212000	4	54.85	18.05	27.1	28.3	26.55
NZ_DS483500	212001	214000	0	57.15	16.75	26.1	28.7	28.45
NZ_DS483500	214001	216000	10	55.65	18.15	26.2	28.35	27.3
NZ_DS483500	216001	218000	0	59.7	16.2	24.1	31.05	28.65
NZ_DS483500	218001	220000	39	52.1	23.1	24.8	28.75	23.35
NZ_DS483500	220001	222000	155	57.65	21.65	20.7	30.9	26.75
NZ_DS483500	222001	224000	126	60.55	19.7	19.75	31.95	28.6
NZ_DS483500	224001	226000	165	56.8	22.75	20.45	30.6	26.2
NZ_DS483500	226001	228000	163	59.25	21.1	19.65	30.85	28.4
NZ_DS483500	228001	230000	181	55.1	24.3	20.6	28.7	26.4
NZ_DS483500	230001	232000	196	56.6	21.75	21.65	28.4	28.2
NZ_DS483500	232001	234000	135	54.0	22.85	23.15	28.8	25.2
NZ_DS483500	234001	236000	167	56.85	19.45	23.7	28.5	28.35
NZ_DS483500	236001	238000	192	56.65	22.5	20.85	29.6	27.05
NZ_DS483500	238001	240000	78	62.6	20.7	16.7	32.25	30.35
NZ_DS483500	240001	242000	84	47.3	28.75	23.95	24.6	22.7
NZ_DS483500	242001	244000	157	46.6	28.15	25.25	26.25	20.35
NZ_DS483500	244001	246000	141	59.5	22.9	17.6	30.7	28.8
NZ_DS483500	246001	248000	145	57.8	20.0	22.2	27.85	29.95
NZ_DS483500	248001	250000	157	58.5	21.15	20.35	30.65	27.85
NZ_DS483500	250001	252000	215	58.65	23.1	18.25	30.25	28.4
NZ_DS483500	252001	254000	190	59.1	23.35	17.55	28.4	30.7
NZ_DS483500	254001	256000	147	58.55	19.3	22.15	32.15	26.4
NZ_DS483500	256001	258000	239	54.3	23.9	21.8	26.95	27.35
NZ_DS483500	258001	260000	100	61.65	18.0	20.35	29.9	31.75
NZ_DS483500	260001	262000	145	55.65	23.6	20.75	28.85	26.8
NZ_DS483500	262001	264000	146	56.9	21.1	22.0	29.8	27.1
NZ_DS483500	264001	266000	194	59.6	22.15	18.25	29.7	29.9
NZ_DS483500	266001	268000	134	58.55	20.3	21.15	28.55	30.0
NZ_DS483500	268001	270000	183	55.85	21.6	22.55	28.6	27.25
NZ_DS483500	270001	272000	127	58.55	24.7	16.75	28.95	29.6
NZ_DS483500	272001	274000	132	53.05	23.85	23.1	27.9	25.15
NZ_DS483500	274001	276000	160	58.6	23.55	17.85	28.25	30.35
NZ_DS483500	276001	278000	147	56.65	24.9	18.45	29.75	26.9
NZ_DS483500	278001	280000	167	60.9	19.6	19.5	31.15	29.75
NZ_DS483500	280001	282000	138	61.15	22.45	16.4	29.9	31.25
NZ_DS483500	282001	284000	106	58.85	22.25	18.9	29.4	29.45
NZ_DS483500	284001	286000	146	61.3	19.4	19.3	28.25	33.05
NZ_DS483500	286001	288000	252	62.1	17.3	20.6	31.9	30.2
NZ_DS483500	288001	290000	235	61.0	20.35	18.65	29.65	31.35
NZ_DS483500	290001	292000	281	53.0	27.4	19.6	27.55	25.45
NZ_DS483500	292001	294000	579	50.35	29.2	20.45	28.85	21.5
NZ_DS483500	294001	296000	165	51.45	28.15	20.4	30.8	20.65
NZ_DS483500	296001	296445	500	48.54	27.87	23.6	27.42	21.12
NZ_DS483501	1	2000	178	53.3	25.05	21.65	27.6	25.7
NZ_DS483501	2001	4000	131	48.3	26.1	25.6	25.3	23.0
NZ_DS483501	4001	6000	22	50.9	24.1	25.0	27.95	22.95
NZ_DS483501	6001	8000	0	44.45	28.45	27.1	23.15	21.3
NZ_DS483501	8001	10000	3	44.1	27.1	28.8	24.65	19.45
NZ_DS483501	10001	12000	3	38.6	35.8	25.6	22.3	16.3
NZ_DS483501	12001	14000	97	40.4	31.9	27.7	22.35	18.05
NZ_DS483501	14001	16000	0	44.75	30.05	25.2	24.1	20.65
NZ_DS483501	16001	18000	0	42.5	30.55	26.95	24.45	18.05
NZ_DS483501	18001	20000	143	42.3	32.75	24.95	23.55	18.75
NZ_DS483501	20001	22000	303	48.05	24.05	27.9	24.4	23.65
NZ_DS483501	22001	24000	182	46.05	27.05	26.9	21.1	24.95
NZ_DS483501	24001	26000	237	48.25	24.05	27.7	23.9	24.35
NZ_DS483501	26001	28000	92	46.75	27.0	26.25	24.1	22.65
NZ_DS483501	28001	30000	74	41.25	31.8	26.95	24.2	17.05
NZ_DS483501	30001	32000	27	46.5	28.45	25.05	26.0	20.5
NZ_DS483501	32001	34000	37	47.25	31.25	21.5	25.9	21.35
NZ_DS483501	34001	36000	30	44.65	30.4	24.95	24.8	19.85
NZ_DS483501	36001	38000	24	47.2	27.3	25.5	24.9	22.3
NZ_DS483501	38001	40000	32	40.15	30.55	29.3	23.4	16.75
NZ_DS483501	40001	42000	91	40.7	31.0	28.3	23.6	17.1
NZ_DS483501	42001	44000	26	48.75	28.1	23.15	27.55	21.2
NZ_DS483501	44001	46000	94	45.6	27.8	26.6	26.1	19.5
NZ_DS483501	46001	48000	120	38.95	34.5	26.55	23.9	15.05
NZ_DS483501	48001	50000	152	45.45	31.45	23.1	26.0	19.45
NZ_DS483501	50001	52000	58	50.95	25.45	23.6	25.7	25.25
NZ_DS483501	52001	54000	148	50.85	28.3	20.85	26.2	24.65
NZ_DS483501	54001	56000	146	58.15	20.25	21.6	29.55	28.6
NZ_DS483501	56001	58000	209	61.15	20.4	18.45	30.55	30.6
NZ_DS483501	58001	60000	204	51.0	24.4	24.6	24.15	26.85
NZ_DS483501	60001	62000	228	55.65	20.6	23.75	27.15	28.5
NZ_DS483501	62001	64000	399	54.1	22.4	23.5	27.45	26.65
NZ_DS483501	64001	66000	260	59.35	19.5	21.15	31.5	27.85
NZ_DS483501	66001	68000	148	57.7	21.9	20.4	29.7	28.0
NZ_DS483501	68001	70000	281	58.0	22.95	19.05	27.2	30.8
NZ_DS483501	70001	72000	345	62.2	15.3	22.5	30.85	31.35
NZ_DS483501	72001	74000	194	59.7	17.5	22.8	30.25	29.45
NZ_DS483501	74001	76000	192	60.9	16.45	22.65	28.1	32.8
NZ_DS483501	76001	78000	259	57.25	19.15	23.6	28.75	28.5
NZ_DS483501	78001	80000	174	54.0	23.1	22.9	28.0	26.0
NZ_DS483501	80001	82000	165	58.6	22.7	18.7	27.85	30.75
NZ_DS483501	82001	84000	158	60.25	22.4	17.35	30.6	29.65
NZ_DS483501	84001	86000	166	61.6	21.3	17.1	31.75	29.85
NZ_DS483501	86001	88000	181	64.15	19.0	16.85	32.95	31.2
NZ_DS483501	88001	90000	124	61.35	22.35	16.3	30.65	30.7
NZ_DS483501	90001	92000	254	59.2	23.35	17.45	27.85	31.35
NZ_DS483501	92001	94000	165	60.9	23.85	15.25	31.55	29.35
NZ_DS483501	94001	96000	183	56.85	22.65	20.5	29.15	27.7
NZ_DS483501	96001	98000	179	67.65	19.6	12.75	33.3	34.35
NZ_DS483501	98001	100000	184	57.85	18.85	23.3	29.35	28.5
NZ_DS483501	100001	102000	193	61.85	23.2	14.95	31.7	30.15
NZ_DS483501	102001	104000	255	60.15	20.85	19.0	30.35	29.8
NZ_DS483501	104001	106000	242	57.65	20.55	21.8	27.2	30.45
NZ_DS483501	106001	108000	166	58.9	23.8	17.3	28.75	30.15
NZ_DS483501	108001	110000	179	59.5	24.75	15.75	30.6	28.9
NZ_DS483501	110001	112000	166	59.35	23.1	17.55	28.9	30.45
NZ_DS483501	112001	114000	32	60.75	20.5	18.75	31.25	29.5
NZ_DS483501	114001	116000	185	53.8	26.5	19.7	27.2	26.6
NZ_DS483501	116001	118000	189	62.75	20.7	16.55	31.1	31.65
NZ_DS483501	118001	120000	159	67.75	19.85	12.4	32.9	34.85
NZ_DS483501	120001	122000	169	54.65	24.4	20.95	27.55	27.1
NZ_DS483501	122001	124000	148	61.2	15.75	23.05	31.35	29.85
NZ_DS483501	124001	126000	249	56.75	21.7	21.55	29.95	26.8
NZ_DS483501	126001	128000	119	58.1	19.4	22.5	28.05	30.05
NZ_DS483501	128001	130000	254	56.25	23.1	20.65	28.95	27.3
NZ_DS483501	130001	132000	149	61.05	21.3	17.65	28.8	32.25
NZ_DS483501	132001	134000	99	56.6	22.25	21.15	27.2	29.4
NZ_DS483501	134001	136000	37	44.35	25.35	30.3	20.8	23.55
NZ_DS483501	136001	138000	152	39.0	31.15	29.85	18.05	20.95
NZ_DS483501	138001	140000	73	45.8	24.85	29.35	23.75	22.05
NZ_DS483501	140001	142000	56	51.1	26.45	22.45	23.65	27.45
NZ_DS483501	142001	144000	175	50.95	29.9	19.15	24.95	26.0
NZ_DS483501	144001	146000	135	49.5	28.65	21.85	25.05	24.45
NZ_DS483501	146001	148000	197	52.25	25.35	22.4	26.25	26.0
NZ_DS483501	148001	150000	71	59.4	18.8	21.8	29.15	30.25
NZ_DS483501	150001	152000	107	53.85	23.75	22.4	26.85	27.0
NZ_DS483501	152001	153037	18	50.92	22.66	26.42	21.99	28.93
NZ_DS483502	1	2000	16	55.25	22.75	22.0	25.85	29.4
NZ_DS483502	2001	4000	16	62.25	19.4	18.35	31.4	30.85
NZ_DS483502	4001	6000	60	61.3	21.25	17.45	30.3	31.0
NZ_DS483502	6001	8000	13	58.5	20.0	21.5	31.8	26.7
NZ_DS483502	8001	10000	0	43.65	30.2	26.15	24.1	19.55
NZ_DS483502	10001	12000	0	43.8	30.45	25.75	24.45	19.35
NZ_DS483502	12001	14000	0	42.65	29.45	27.9	22.45	20.2
NZ_DS483502	14001	16000	0	44.35	29.6	26.05	22.25	22.1
NZ_DS483502	16001	18000	0	47.5	28.2	24.3	26.05	21.45
NZ_DS483502	18001	20000	0	39.3	31.95	28.75	22.1	17.2
NZ_DS483502	20001	22000	0	40.95	33.9	25.15	23.35	17.6
NZ_DS483502	22001	24000	0	40.15	32.05	27.8	23.25	16.9
NZ_DS483502	24001	26000	2	37.35	32.4	30.25	21.45	15.9
NZ_DS483502	26001	28000	20	40.4	30.8	28.8	22.1	18.3
NZ_DS483502	28001	30000	84	49.65	22.55	27.8	24.85	24.8
NZ_DS483502	30001	32000	172	51.25	21.4	27.35	24.85	26.4
NZ_DS483502	32001	34000	26	52.3	20.95	26.75	25.3	27.0
NZ_DS483502	34001	36000	211	53.5	21.6	24.9	25.9	27.6
NZ_DS483502	36001	38000	61	56.7	18.4	24.9	28.5	28.2
NZ_DS483502	38001	40000	0	46.95	23.45	29.6	21.4	25.55
NZ_DS483502	40001	42000	44	51.15	24.2	24.65	24.3	26.85
NZ_DS483502	42001	44000	353	50.95	23.8	25.25	26.0	24.95
NZ_DS483502	44001	46000	348	53.2	20.05	26.75	24.2	29.0
NZ_DS483502	46001	48000	495	52.8	20.9	26.3	25.65	27.15
NZ_DS483502	48001	50000	436	46.65	25.45	27.9	24.2	22.45
NZ_DS483502	50001	52000	390	51.9	22.4	25.7	25.95	25.95
NZ_DS483502	52001	54000	342	46.8	27.6	25.6	25.85	20.95
NZ_DS483502	54001	56000	344	37.1	32.25	30.65	21.95	15.15
NZ_DS483502	56001	58000	109	38.9	30.7	30.4	21.25	17.65
NZ_DS483502	58001	60000	213	54.9	20.05	25.05	25.6	29.3
NZ_DS483502	60001	62000	179	53.25	19.65	27.1	26.65	26.6
NZ_DS483502	62001	64000	279	53.85	22.95	23.2	26.9	26.95
NZ_DS483502	64001	66000	134	50.35	23.35	26.3	25.4	24.95
NZ_DS483502	66001	68000	116	49.9	21.3	28.8	23.8	26.1
NZ_DS483502	68001	70000	192	52.05	19.0	28.95	23.7	28.35
NZ_DS483502	70001	72000	468	47.15	23.55	29.3	22.5	24.65
NZ_DS483502	72001	74000	184	47.55	25.8	26.65	23.75	23.8
NZ_DS483502	74001	76000	29	40.9	25.2	33.9	16.7	24.2
NZ_DS483502	76001	78000	24	55.05	17.85	27.1	27.85	27.2
NZ_DS483502	78001	80000	25	55.9	17.95	26.15	27.25	28.65
NZ_DS483502	80001	82000	67	58.6	16.6	24.8	30.6	28.0
NZ_DS483502	82001	84000	145	43.9	25.85	30.25	20.75	23.15
NZ_DS483502	84001	86000	152	50.5	22.8	26.7	23.5	27.0
NZ_DS483502	86001	88000	190	47.55	24.35	28.1	23.65	23.9
NZ_DS483502	88001	90000	190	51.75	20.55	27.7	24.85	26.9
NZ_DS483502	90001	92000	162	51.9	22.8	25.3	25.9	26.0
NZ_DS483502	92001	94000	171	56.25	17.3	26.45	28.4	27.85
NZ_DS483502	94001	96000	13	50.15	24.4	25.45	24.1	26.05
NZ_DS483502	96001	98000	133	44.15	30.6	25.25	20.8	23.35
NZ_DS483502	98001	100000	165	45.9	25.8	28.3	21.2	24.7
NZ_DS483502	100001	102000	173	45.95	25.65	28.4	21.05	24.9
NZ_DS483502	102001	104000	181	48.85	21.65	29.5	22.85	26.0
NZ_DS483502	104001	106000	184	52.05	22.15	25.8	24.35	27.7
NZ_DS483502	106001	108000	241	51.2	23.35	25.45	26.0	25.2
NZ_DS483502	108001	110000	127	52.85	20.95	26.2	26.9	25.95
NZ_DS483502	110001	112000	153	53.9	21.75	24.35	29.05	24.85
NZ_DS483502	112001	114000	172	59.7	19.35	20.95	30.15	29.55
NZ_DS483502	114001	116000	171	59.0	20.15	20.85	30.75	28.25
NZ_DS483502	116001	118000	160	58.4	21.8	19.8	28.7	29.7
NZ_DS483502	118001	120000	150	60.6	19.15	20.25	30.45	30.15
NZ_DS483502	120001	122000	135	60.95	20.65	18.4	28.5	32.45
NZ_DS483502	122001	124000	184	60.95	22.2	16.85	32.7	28.25
NZ_DS483502	124001	126000	178	61.1	19.85	19.05	30.05	31.05
NZ_DS483502	126001	128000	144	58.15	23.1	18.75	28.0	30.15
NZ_DS483502	128001	130000	150	59.65	18.05	22.3	30.35	29.3
NZ_DS483502	130001	132000	208	61.85	19.3	18.85	32.2	29.65
NZ_DS483502	132001	134000	291	60.75	20.7	18.55	29.65	31.1
NZ_DS483502	134001	136000	172	61.05	21.5	17.45	29.45	31.6
NZ_DS483502	136001	138000	171	62.35	21.0	16.65	29.95	32.4
NZ_DS483502	138001	140000	164	63.55	19.7	16.75	32.0	31.55
NZ_DS483502	140001	142000	162	63.05	19.0	17.95	32.75	30.3
NZ_DS483502	142001	144000	148	61.45	19.1	19.45	30.55	30.9
NZ_DS483502	144001	146000	165	62.65	18.7	18.65	31.45	31.2
NZ_DS483502	146001	148000	175	63.0	17.0	20.0	31.05	31.95
NZ_DS483502	148001	150000	202	59.8	18.7	21.5	30.25	29.55
NZ_DS483502	150001	152000	161	62.5	15.95	21.55	30.95	31.55
NZ_DS483502	152001	154000	180	58.3	17.95	23.75	29.5	28.8
NZ_DS483502	154001	156000	268	58.85	20.35	20.8	30.3	28.55
NZ_DS483502	156001	158000	100	60.5	21.45	18.05	30.6	29.9
NZ_DS483502	158001	160000	5	56.9	19.6	23.5	31.3	25.6
NZ_DS483502	160001	162000	0	49.0	23.8	27.2	25.9	23.1
NZ_DS483502	162001	164000	83	49.95	21.1	28.95	25.75	24.2
NZ_DS483502	164001	166000	119	59.8	17.65	22.55	30.55	29.25
NZ_DS483502	166001	168000	135	55.3	21.8	22.9	27.4	27.9
NZ_DS483502	168001	170000	132	53.45	23.95	22.6	27.5	25.95
NZ_DS483502	170001	172000	114	60.8	20.95	18.25	29.85	30.95
NZ_DS483502	172001	174000	108	54.65	23.0	22.35	26.9	27.75
NZ_DS483502	174001	176000	184	55.95	20.9	23.15	29.3	26.65
NZ_DS483502	176001	178000	138	59.5	21.15	19.35	29.9	29.6
NZ_DS483502	178001	180000	134	59.5	21.0	19.5	30.65	28.85
NZ_DS483502	180001	182000	144	59.7	20.5	19.8	32.1	27.6
NZ_DS483502	182001	184000	157	63.05	19.75	17.2	32.3	30.75
NZ_DS483502	184001	186000	203	62.45	17.75	19.8	32.55	29.9
NZ_DS483502	186001	188000	155	62.9	16.3	20.8	32.1	30.8
NZ_DS483502	188001	190000	142	57.0	22.15	20.85	29.95	27.05
NZ_DS483502	190001	192000	127	57.9	21.65	20.45	28.8	29.1
NZ_DS483502	192001	194000	196	53.0	22.5	24.5	27.0	26.0
NZ_DS483502	194001	196000	128	61.9	18.55	19.55	30.75	31.15
NZ_DS483502	196001	198000	15	62.1	19.6	18.3	33.0	29.1
NZ_DS483502	198001	200000	228	52.0	22.35	25.65	29.2	22.8
NZ_DS483502	200001	202000	295	59.0	21.85	19.15	31.45	27.55
NZ_DS483502	202001	204000	156	58.95	21.85	19.2	28.9	30.05
NZ_DS483502	204001	206000	148	63.05	17.6	19.35	33.7	29.35
NZ_DS483502	206001	207415	187	55.34	26.29	18.37	30.25	25.09
NZ_DS483503	1	2000	339	62.0	22.5	15.5	32.1	29.9
NZ_DS483503	2001	4000	168	58.15	24.15	17.7	28.95	29.2
NZ_DS483503	4001	6000	169	59.35	23.0	17.65	30.7	28.65
NZ_DS483503	6001	8000	182	58.2	19.95	21.85	30.95	27.25
NZ_DS483503	8001	10000	187	57.55	23.1	19.35	30.2	27.35
NZ_DS483503	10001	12000	135	65.9	16.0	18.1	36.05	29.85
NZ_DS483503	12001	14000	141	60.7	17.9	21.4	32.85	27.85
NZ_DS483503	14001	16000	257	67.2	16.45	16.35	34.6	32.6
NZ_DS483503	16001	18000	191	58.55	22.6	18.85	29.2	29.35
NZ_DS483503	18001	20000	155	61.05	20.5	18.45	31.9	29.15
NZ_DS483503	20001	22000	140	63.05	18.9	18.05	33.8	29.25
NZ_DS483503	22001	24000	238	58.25	21.55	20.2	30.85	27.4
NZ_DS483503	24001	26000	157	57.55	17.65	24.8	27.95	29.6
NZ_DS483503	26001	28000	203	61.8	15.2	23.0	30.0	31.8
NZ_DS483503	28001	30000	291	59.5	17.95	22.55	30.35	29.15
NZ_DS483503	30001	32000	190	57.7	23.4	18.9	29.2	28.5
NZ_DS483503	32001	34000	208	61.9	20.5	17.6	29.7	32.2
NZ_DS483503	34001	36000	198	61.7	21.8	16.5	32.1	29.6
NZ_DS483503	36001	38000	63	61.9	20.6	17.5	31.45	30.45
NZ_DS483503	38001	40000	51	56.95	22.4	20.65	28.3	28.65
NZ_DS483503	40001	42000	30	56.15	24.65	19.2	27.5	28.65
NZ_DS483503	42001	44000	138	59.75	22.9	17.35	29.5	30.25
NZ_DS483503	44001	46000	137	61.8	18.45	19.75	31.35	30.45
NZ_DS483503	46001	48000	184	54.55	21.8	23.65	28.75	25.8
NZ_DS483503	48001	50000	160	58.7	18.05	23.25	29.25	29.45
NZ_DS483503	50001	52000	244	57.75	19.55	22.7	29.7	28.05
NZ_DS483503	52001	54000	189	59.1	19.85	21.05	29.85	29.25
NZ_DS483503	54001	56000	146	59.55	18.85	21.6	30.85	28.7
NZ_DS483503	56001	58000	188	58.6	19.35	22.05	29.1	29.5
NZ_DS483503	58001	60000	169	60.6	18.4	21.0	29.85	30.75
NZ_DS483503	60001	62000	256	57.15	25.0	17.85	30.45	26.7
NZ_DS483503	62001	64000	161	56.95	18.95	24.1	28.05	28.9
NZ_DS483503	64001	66000	189	59.5	21.05	19.45	28.45	31.05
NZ_DS483503	66001	68000	143	64.8	19.55	15.65	30.75	34.05
NZ_DS483503	68001	70000	174	62.35	18.5	19.15	31.55	30.8
NZ_DS483503	70001	72000	49	56.25	23.4	20.35	29.25	27.0
NZ_DS483503	72001	74000	151	51.2	25.2	23.6	25.3	25.9
NZ_DS483503	74001	76000	170	55.6	21.15	23.25	26.7	28.9
NZ_DS483503	76001	78000	188	59.0	22.85	18.15	29.65	29.35
NZ_DS483503	78001	80000	191	58.75	17.3	23.95	27.75	31.0
NZ_DS483503	80001	82000	198	61.15	21.1	17.75	29.5	31.65
NZ_DS483503	82001	84000	411	55.65	24.0	20.35	27.5	28.15
NZ_DS483503	84001	86000	372	50.35	29.4	20.25	28.0	22.35
NZ_DS483503	86001	88000	437	49.35	31.0	19.65	29.25	20.1
NZ_DS483503	88001	90000	144	49.2	27.85	22.95	28.65	20.55
NZ_DS483503	90001	92000	159	51.3	25.0	23.7	27.8	23.5
NZ_DS483503	92001	94000	152	57.35	20.8	21.85	29.35	28.0
NZ_DS483503	94001	96000	177	57.7	20.3	22.0	29.0	28.7
NZ_DS483503	96001	98000	139	59.1	19.9	21.0	29.95	29.15
NZ_DS483503	98001	100000	157	58.45	21.75	19.8	28.85	29.6
NZ_DS483503	100001	102000	119	56.35	23.0	20.65	30.25	26.1
NZ_DS483503	102001	104000	124	59.55	19.8	20.65	28.75	30.8
NZ_DS483503	104001	106000	151	60.0	20.05	19.95	29.3	30.7
NZ_DS483503	106001	108000	155	59.75	21.5	18.75	29.45	30.3
NZ_DS483503	108001	110000	150	59.0	22.6	18.4	30.2	28.8
NZ_DS483503	110001	112000	146	60.25	22.55	17.2	29.65	30.6
NZ_DS483503	112001	114000	137	60.3	22.25	17.45	30.2	30.1
NZ_DS483503	114001	116000	142	63.05	20.85	16.1	30.9	32.15
NZ_DS483503	116001	118000	150	59.5	21.95	18.55	29.5	30.0
NZ_DS483503	118001	120000	288	60.4	23.0	16.6	30.95	29.45
NZ_DS483503	120001	122000	161	59.65	21.15	19.2	29.15	30.5
NZ_DS483503	122001	124000	133	60.75	20.05	19.2	30.45	30.3
NZ_DS483503	124001	126000	144	58.95	20.9	20.15	30.55	28.4
NZ_DS483503	126001	128000	134	58.75	22.5	18.75	28.95	29.8
NZ_DS483503	128001	130000	190	59.95	19.8	20.25	31.15	28.8
NZ_DS483503	130001	132000	150	57.7	22.5	19.8	27.75	29.95
NZ_DS483503	132001	134000	141	58.7	21.25	20.05	30.7	28.0
NZ_DS483503	134001	136000	182	60.7	21.05	18.25	30.9	29.8
NZ_DS483503	136001	138000	196	57.6	23.05	19.35	29.95	27.65
NZ_DS483503	138001	140000	171	56.55	23.9	19.55	29.05	27.5
NZ_DS483503	140001	142000	134	57.35	22.05	20.6	28.7	28.65
NZ_DS483503	142001	144000	129	58.3	19.6	22.1	29.3	29.0
NZ_DS483503	144001	146000	134	57.8	20.8	21.4	27.8	30.0
NZ_DS483503	146001	148000	138	60.35	17.35	22.3	31.3	29.05
NZ_DS483503	148001	150000	149	62.35	17.75	19.9	33.2	29.15
NZ_DS483503	150001	152000	142	58.8	19.75	21.45	28.2	30.6
NZ_DS483503	152001	154000	135	56.95	23.0	20.05	29.35	27.6
NZ_DS483503	154001	156000	142	59.05	22.0	18.95	31.25	27.8
NZ_DS483503	156001	158000	145	58.1	23.05	18.85	28.7	29.4
NZ_DS483503	158001	160000	137	57.05	23.15	19.8	28.65	28.4
NZ_DS483503	160001	162000	175	55.8	23.5	20.7	28.8	27.0
NZ_DS483503	162001	164000	198	52.15	25.85	22.0	26.95	25.2
NZ_DS483503	164001	166000	142	55.25	24.6	20.15	28.55	26.7
NZ_DS483503	166001	168000	153	55.35	26.05	18.6	29.05	26.3
NZ_DS483503	168001	170000	106	51.95	28.85	19.2	29.55	22.4
NZ_DS483503	170001	172000	28	46.2	30.85	22.95	26.9	19.3
NZ_DS483503	172001	174000	151	40.85	32.05	27.1	24.55	16.3
NZ_DS483503	174001	176000	104	49.7	29.2	21.1	25.35	24.35
NZ_DS483503	176001	178000	153	48.75	28.65	22.6	26.25	22.5
NZ_DS483503	178001	180000	163	57.85	18.75	23.4	31.0	26.85
NZ_DS483503	180001	182000	155	56.5	18.7	24.8	28.75	27.75
NZ_DS483503	182001	184000	153	57.75	22.9	19.35	29.25	28.5
NZ_DS483503	184001	186000	139	58.25	21.65	20.1	28.9	29.35
NZ_DS483503	186001	188000	117	58.8	22.1	19.1	31.6	27.2
NZ_DS483503	188001	190000	137	59.55	20.15	20.3	31.25	28.3
NZ_DS483503	190001	192000	155	58.45	19.9	21.65	30.85	27.6
NZ_DS483503	192001	194000	146	52.95	23.6	23.45	27.0	25.95
NZ_DS483503	194001	196000	135	54.6	24.65	20.75	28.5	26.1
NZ_DS483503	196001	198000	129	57.1	21.55	21.35	29.9	27.2
NZ_DS483503	198001	200000	124	55.4	25.95	18.65	29.95	25.45
NZ_DS483503	200001	202000	160	50.25	21.7	28.05	24.9	25.35
NZ_DS483503	202001	204000	138	58.1	21.2	20.7	27.0	31.1
NZ_DS483503	204001	206000	168	56.35	22.05	21.6	27.3	29.05
NZ_DS483503	206001	208000	159	55.6	21.25	23.15	28.3	27.3
NZ_DS483503	208001	210000	144	58.25	21.5	20.25	30.0	28.25
NZ_DS483503	210001	212000	189	56.7	23.1	20.2	29.0	27.7
NZ_DS483503	212001	214000	125	56.85	21.1	22.05	28.65	28.2
NZ_DS483503	214001	216000	140	57.35	19.8	22.85	26.7	30.65
NZ_DS483503	216001	218000	140	57.7	20.55	21.75	27.15	30.55
NZ_DS483503	218001	220000	135	54.9	22.65	22.45	25.95	28.95
NZ_DS483503	220001	222000	149	55.55	20.85	23.6	25.7	29.85
NZ_DS483503	222001	224000	133	58.3	20.9	20.8	27.25	31.05
NZ_DS483503	224001	226000	93	56.05	19.85	24.1	26.1	29.95
NZ_DS483503	226001	228000	136	60.35	21.95	17.7	27.5	32.85
NZ_DS483503	228001	230000	139	61.95	20.5	17.55	28.3	33.65
NZ_DS483503	230001	232000	131	58.75	19.2	22.05	28.3	30.45
NZ_DS483503	232001	234000	134	56.45	20.0	23.55	26.35	30.1
NZ_DS483503	234001	236000	145	59.05	19.2	21.75	27.95	31.1
NZ_DS483503	236001	238000	140	59.2	18.2	22.6	29.55	29.65
NZ_DS483503	238001	240000	142	59.4	18.4	22.2	29.25	30.15
NZ_DS483503	240001	242000	151	61.4	18.45	20.15	29.85	31.55
NZ_DS483503	242001	244000	140	61.4	18.5	20.1	30.85	30.55
NZ_DS483503	244001	246000	172	58.55	18.85	22.6	28.1	30.45
NZ_DS483503	246001	248000	187	53.9	21.15	24.95	26.8	27.1
NZ_DS483503	248001	250000	120	59.65	20.7	19.65	30.75	28.9
NZ_DS483503	250001	252000	200	55.0	19.1	25.9	26.65	28.35
NZ_DS483503	252001	254000	181	56.9	20.6	22.5	28.0	28.9
NZ_DS483503	254001	256000	134	55.35	20.55	24.1	28.45	26.9
NZ_DS483503	256001	258000	134	56.15	23.1	20.75	27.7	28.45
NZ_DS483503	258001	260000	122	57.65	21.45	20.9	27.15	30.5
NZ_DS483503	260001	262000	133	59.1	18.8	22.1	30.7	28.4
NZ_DS483503	262001	264000	147	60.35	17.5	22.15	28.3	32.05
NZ_DS483503	264001	266000	147	58.05	18.4	23.55	29.75	28.3
NZ_DS483503	266001	268000	141	59.3	18.8	21.9	30.15	29.15
NZ_DS483503	268001	270000	118	59.3	21.25	19.45	28.95	30.35
NZ_DS483503	270001	272000	136	55.55	23.8	20.65	25.9	29.65
NZ_DS483503	272001	274000	155	56.05	24.1	19.85	27.8	28.25
NZ_DS483503	274001	276000	147	58.2	21.1	20.7	27.85	30.35
NZ_DS483503	276001	278000	140	60.5	19.8	19.7	30.2	30.3
NZ_DS483503	278001	280000	146	54.95	20.85	24.2	28.6	26.35
NZ_DS483503	280001	282000	139	60.9	20.75	18.35	31.65	29.25
NZ_DS483503	282001	284000	160	57.55	21.75	20.7	27.9	29.65
NZ_DS483503	284001	286000	220	56.25	23.9	19.85	29.3	26.95
NZ_DS483503	286001	288000	294	58.15	22.9	18.95	28.8	29.35
NZ_DS483503	288001	290000	314	53.5	22.7	23.8	25.95	27.55
NZ_DS483503	290001	292000	250	53.0	22.0	25.0	26.05	26.95
NZ_DS483503	292001	294000	270	59.7	18.85	21.45	29.95	29.75
NZ_DS483503	294001	296000	309	59.65	19.25	21.1	29.75	29.9
NZ_DS483503	296001	298000	224	59.45	19.55	21.0	30.3	29.15
NZ_DS483503	298001	300000	134	55.2	19.75	25.05	27.0	28.2
NZ_DS483503	300001	302000	140	60.7	16.7	22.6	27.5	33.2
NZ_DS483503	302001	304000	129	59.4	18.45	22.15	29.5	29.9
NZ_DS483503	304001	306000	295	55.15	22.4	22.45	27.75	27.4
NZ_DS483503	306001	308000	293	57.9	20.25	21.85	28.7	29.2
NZ_DS483503	308001	310000	282	57.8	20.9	21.3	27.9	29.9
NZ_DS483503	310001	312000	180	57.75	20.1	22.15	27.3	30.45
NZ_DS483503	312001	314000	152	52.85	21.25	25.9	26.05	26.8
NZ_DS483503	314001	316000	97	56.15	21.75	22.1	27.5	28.65
NZ_DS483503	316001	318000	122	54.6	20.1	25.3	29.15	25.45
NZ_DS483503	318001	320000	134	54.8	22.0	23.2	27.1	27.7
NZ_DS483503	320001	322000	132	63.05	19.7	17.25	31.15	31.9
NZ_DS483503	322001	324000	140	55.2	21.2	23.6	28.05	27.15
NZ_DS483503	324001	326000	144	61.2	18.9	19.9	30.6	30.6
NZ_DS483503	326001	328000	143	58.75	19.65	21.6	29.6	29.15
NZ_DS483503	328001	330000	153	56.6	20.0	23.4	28.8	27.8
NZ_DS483503	330001	332000	142	61.0	17.0	22.0	29.75	31.25
NZ_DS483503	332001	334000	128	58.8	20.0	21.2	28.65	30.15
NZ_DS483503	334001	336000	119	55.5	20.6	23.9	28.6	26.9
NZ_DS483503	336001	338000	141	56.65	22.25	21.1	27.45	29.2
NZ_DS483503	338001	340000	130	57.05	23.6	19.35	30.05	27.0
NZ_DS483503	340001	342000	151	58.95	20.4	20.65	29.05	29.9
NZ_DS483503	342001	344000	120	57.5	22.35	20.15	28.1	29.4
NZ_DS483503	344001	346000	107	65.05	19.65	15.3	30.0	35.05
NZ_DS483503	346001	348000	142	58.8	21.45	19.75	27.8	31.0
NZ_DS483503	348001	350000	144	60.4	21.0	18.6	29.15	31.25
NZ_DS483503	350001	352000	128	62.2	16.65	21.15	30.6	31.6
NZ_DS483503	352001	354000	127	63.95	18.25	17.8	32.95	31.0
NZ_DS483503	354001	356000	142	60.75	18.95	20.3	31.45	29.3
NZ_DS483503	356001	358000	139	64.1	17.75	18.15	32.55	31.55
NZ_DS483503	358001	360000	134	61.7	18.8	19.5	30.75	30.95
NZ_DS483503	360001	362000	130	65.55	14.95	19.5	35.45	30.1
NZ_DS483503	362001	364000	132	61.75	18.8	19.45	32.6	29.15
NZ_DS483503	364001	366000	338	61.95	19.6	18.45	32.5	29.45
NZ_DS483503	366001	368000	126	55.9	22.6	21.5	29.4	26.5
NZ_DS483503	368001	370000	229	56.9	21.4	21.7	27.8	29.1
NZ_DS483503	370001	372000	186	58.2	22.2	19.6	27.9	30.3
NZ_DS483503	372001	374000	191	57.45	21.8	20.75	27.35	30.1
NZ_DS483503	374001	376000	142	60.45	21.1	18.45	31.0	29.45
NZ_DS483503	376001	378000	92	60.2	19.4	20.4	28.85	31.35
NZ_DS483503	378001	380000	133	54.25	21.9	23.85	26.15	28.1
NZ_DS483503	380001	382000	131	61.4	19.8	18.8	30.15	31.25
NZ_DS483503	382001	384000	144	61.45	17.35	21.2	31.4	30.05
NZ_DS483503	384001	386000	146	62.25	16.95	20.8	30.65	31.6
NZ_DS483503	386001	388000	142	59.25	18.8	21.95	29.7	29.55
NZ_DS483503	388001	390000	197	63.55	18.0	18.45	29.85	33.7
NZ_DS483503	390001	392000	145	56.05	19.8	24.15	27.55	28.5
NZ_DS483503	392001	394000	119	59.25	17.8	22.95	30.3	28.95
NZ_DS483503	394001	396000	138	56.85	20.95	22.2	25.4	31.45
NZ_DS483503	396001	398000	142	58.75	22.55	18.7	27.25	31.5
NZ_DS483503	398001	400000	207	56.8	21.25	21.95	28.6	28.2
NZ_DS483503	400001	402000	145	57.35	23.8	18.85	28.1	29.25
NZ_DS483503	402001	404000	164	59.8	19.05	21.15	30.0	29.8
NZ_DS483503	404001	406000	152	60.0	20.5	19.5	30.9	29.1
NZ_DS483503	406001	408000	69	56.15	20.55	23.3	27.45	28.7
NZ_DS483503	408001	410000	37	41.85	24.9	33.25	19.75	22.1
NZ_DS483503	410001	412000	28	40.35	27.4	32.25	17.4	22.95
NZ_DS483503	412001	414000	0	48.6	24.05	27.35	22.65	25.95
NZ_DS483503	414001	416000	0	38.8	27.9	33.3	15.55	23.25
NZ_DS483503	416001	418000	1	37.8	32.95	29.25	14.9	22.9
NZ_DS483503	418001	420000	0	41.05	27.75	31.2	19.9	21.15
NZ_DS483503	420001	422000	0	33.55	32.65	33.8	16.45	17.1
NZ_DS483503	422001	424000	30	35.35	34.15	30.5	15.15	20.2
NZ_DS483503	424001	426000	125	40.65	27.2	32.15	17.75	22.9
NZ_DS483503	426001	428000	56	53.25	21.3	25.45	26.1	27.15
NZ_DS483503	428001	430000	129	54.0	23.3	22.7	25.9	28.1
NZ_DS483503	430001	432000	96	47.1	25.15	27.75	20.4	26.7
NZ_DS483503	432001	434000	10	53.95	26.4	19.65	25.8	28.15
NZ_DS483503	434001	436000	53	45.65	27.8	26.55	23.4	22.25
NZ_DS483503	436001	438000	146	48.8	21.35	29.85	21.9	26.9
NZ_DS483503	438001	440000	225	53.8	21.5	24.7	27.35	26.45
NZ_DS483503	440001	442000	142	58.45	19.6	21.95	29.35	29.1
NZ_DS483503	442001	444000	142	54.35	22.8	22.85	28.1	26.25
NZ_DS483503	444001	446000	151	60.2	18.85	20.95	30.2	30.0
NZ_DS483503	446001	448000	188	64.8	18.0	17.2	31.75	33.05
NZ_DS483503	448001	450000	103	56.85	20.15	23.0	28.35	28.5
NZ_DS483503	450001	452000	142	57.15	20.5	22.35	29.55	27.6
NZ_DS483503	452001	454000	114	57.45	19.8	22.75	29.65	27.8
NZ_DS483503	454001	456000	172	56.9	20.2	22.9	28.25	28.65
NZ_DS483503	456001	458000	132	62.25	18.55	19.2	33.55	28.7
NZ_DS483503	458001	460000	170	58.95	21.35	19.7	29.9	29.05
NZ_DS483503	460001	462000	138	59.4	21.0	19.6	28.4	31.0
NZ_DS483503	462001	464000	105	60.7	16.0	23.3	27.9	32.8
NZ_DS483503	464001	466000	123	58.15	21.85	20.0	27.15	31.0
NZ_DS483503	466001	468000	155	56.5	21.6	21.9	26.7	29.8
NZ_DS483503	468001	470000	130	58.6	17.1	24.3	27.0	31.6
NZ_DS483503	470001	472000	198	63.85	16.4	19.75	32.15	31.7
NZ_DS483503	472001	474000	121	58.45	19.7	21.85	29.35	29.1
NZ_DS483503	474001	476000	130	64.75	18.35	16.9	31.75	33.0
NZ_DS483503	476001	478000	143	64.0	16.5	19.5	30.4	33.6
NZ_DS483503	478001	480000	139	60.7	17.35	21.95	30.4	30.3
NZ_DS483503	480001	482000	127	62.7	20.7	16.6	33.2	29.5
NZ_DS483503	482001	484000	121	60.4	19.2	20.4	30.2	30.2
NZ_DS483503	484001	486000	103	58.25	19.9	21.85	30.55	27.7
NZ_DS483503	486001	488000	115	60.45	17.0	22.55	28.4	32.05
NZ_DS483503	488001	490000	130	58.85	18.4	22.75	30.9	27.95
NZ_DS483503	490001	492000	219	55.35	20.6	24.05	25.55	29.8
NZ_DS483503	492001	494000	256	58.75	19.25	22.0	30.0	28.75
NZ_DS483503	494001	496000	143	56.75	21.55	21.7	27.5	29.25
NZ_DS483503	496001	498000	147	55.95	23.85	20.2	26.35	29.6
NZ_DS483503	498001	500000	115	55.15	24.8	20.05	25.8	29.35
NZ_DS483503	500001	502000	145	57.85	21.6	20.55	25.65	32.2
NZ_DS483503	502001	504000	146	60.3	18.05	21.65	28.25	32.05
NZ_DS483503	504001	506000	141	59.0	18.5	22.5	29.1	29.9
NZ_DS483503	506001	508000	149	61.1	17.9	21.0	29.85	31.25
NZ_DS483503	508001	510000	145	59.7	17.35	22.95	28.2	31.5
NZ_DS483503	510001	512000	155	58.9	17.85	23.25	28.7	30.2
NZ_DS483503	512001	514000	182	61.25	18.5	20.25	30.4	30.85
NZ_DS483503	514001	516000	148	59.85	17.6	22.55	29.95	29.9
NZ_DS483503	516001	518000	127	65.15	15.7	19.15	31.95	33.2
NZ_DS483503	518001	520000	139	61.65	16.6	21.75	29.6	32.05
NZ_DS483503	520001	522000	161	62.85	17.8	19.35	31.55	31.3
NZ_DS483503	522001	524000	166	59.95	18.75	21.3	30.35	29.6
NZ_DS483503	524001	526000	189	60.65	18.6	20.75	28.25	32.4
NZ_DS483503	526001	528000	149	58.05	19.25	22.7	27.6	30.45
NZ_DS483503	528001	530000	169	64.9	19.8	15.3	32.05	32.85
NZ_DS483503	530001	532000	196	49.1	25.15	25.75	24.85	24.25
NZ_DS483503	532001	534000	284	49.45	23.8	26.75	24.15	25.3
NZ_DS483503	534001	536000	204	54.4	23.0	22.6	27.65	26.75
NZ_DS483503	536001	538000	261	54.25	21.6	24.15	26.6	27.65
NZ_DS483503	538001	540000	221	57.3	20.35	22.35	29.3	28.0
NZ_DS483503	540001	542000	234	56.5	23.55	19.95	30.7	25.8
NZ_DS483503	542001	544000	204	55.85	20.6	23.55	28.75	27.1
NZ_DS483503	544001	546000	310	54.8	22.7	22.5	25.5	29.3
NZ_DS483503	546001	548000	433	52.95	22.65	24.4	26.9	26.05
NZ_DS483503	548001	550000	87	52.5	25.55	21.95	23.85	28.65
NZ_DS483503	550001	552000	0	50.05	27.25	22.7	23.4	26.65
NZ_DS483503	552001	554000	0	54.85	24.45	20.7	28.15	26.7
NZ_DS483503	554001	556000	0	57.35	23.4	19.25	28.1	29.25
NZ_DS483503	556001	558000	0	55.3	21.25	23.45	27.85	27.45
NZ_DS483503	558001	560000	0	57.2	22.75	20.05	28.05	29.15
NZ_DS483503	560001	562000	86	53.55	22.6	23.85	27.9	25.65
NZ_DS483503	562001	564000	293	46.6	25.75	27.65	23.15	23.45
NZ_DS483503	564001	566000	265	54.4	24.35	21.25	25.9	28.5
NZ_DS483503	566001	568000	149	51.35	24.5	24.15	24.7	26.65
NZ_DS483503	568001	570000	54	47.4	24.55	28.05	21.7	25.7
NZ_DS483503	570001	572000	66	36.65	28.65	34.7	15.45	21.2
NZ_DS483503	572001	574000	20	47.4	23.8	28.8	21.05	26.35
NZ_DS483503	574001	576000	16	40.3	27.5	32.2	17.3	23.0
NZ_DS483503	576001	578000	13	41.95	25.85	32.2	18.35	23.6
NZ_DS483503	578001	580000	87	43.75	27.85	28.4	20.4	23.35
NZ_DS483503	580001	582000	126	48.4	26.1	25.5	20.55	27.85
NZ_DS483503	582001	584000	101	53.45	28.1	18.45	26.85	26.6
NZ_DS483503	584001	586000	73	49.15	28.45	22.4	26.05	23.1
NZ_DS483503	586001	588000	224	51.05	28.4	20.55	26.0	25.05
NZ_DS483503	588001	590000	187	58.3	18.3	23.4	30.65	27.65
NZ_DS483503	590001	592000	155	55.35	23.1	21.55	29.05	26.3
NZ_DS483503	592001	594000	222	59.65	21.4	18.95	30.35	29.3
NZ_DS483503	594001	596000	267	61.85	16.8	21.35	32.95	28.9
NZ_DS483503	596001	598000	168	62.5	16.7	20.8	31.65	30.85
NZ_DS483503	598001	600000	187	64.05	18.45	17.5	31.65	32.4
NZ_DS483503	600001	602000	199	60.05	19.1	20.85	30.95	29.1
NZ_DS483503	602001	604000	222	54.15	22.85	23.0	27.05	27.1
NZ_DS483503	604001	606000	218	53.85	20.15	26.0	24.55	29.3
NZ_DS483503	606001	608000	278	61.8	19.35	18.85	29.55	32.25
NZ_DS483503	608001	610000	179	58.8	23.55	17.65	29.9	28.9
NZ_DS483503	610001	612000	179	64.4	21.45	14.15	33.45	30.95
NZ_DS483503	612001	614000	186	61.9	19.4	18.7	33.3	28.6
NZ_DS483503	614001	616000	346	60.45	21.7	17.85	32.8	27.65
NZ_DS483503	616001	618000	182	55.4	23.5	21.1	29.15	26.25
NZ_DS483503	618001	620000	252	56.8	20.45	22.75	31.1	25.7
NZ_DS483503	620001	622000	190	58.6	23.65	17.75	30.35	28.25
NZ_DS483503	622001	624000	168	53.3	25.45	21.25	26.7	26.6
NZ_DS483503	624001	626000	179	58.75	19.8	21.45	30.85	27.9
NZ_DS483503	626001	628000	177	61.5	22.7	15.8	32.9	28.6
NZ_DS483503	628001	630000	183	60.1	20.15	19.75	29.6	30.5
NZ_DS483503	630001	632000	182	58.35	23.25	18.4	30.8	27.55
NZ_DS483503	632001	634000	233	65.45	16.8	17.75	34.85	30.6
NZ_DS483503	634001	636000	264	56.5	23.25	20.25	30.7	25.8
NZ_DS483503	636001	638000	187	56.65	18.85	24.5	28.0	28.65
NZ_DS483503	638001	640000	178	55.6	25.75	18.65	30.2	25.4
NZ_DS483503	640001	642000	189	63.7	20.05	16.25	32.95	30.75
NZ_DS483503	642001	644000	227	66.35	19.95	13.7	34.6	31.75
NZ_DS483503	644001	646000	184	64.7	19.55	15.75	33.7	31.0
NZ_DS483503	646001	648000	180	63.25	21.25	15.5	33.15	30.1
NZ_DS483503	648001	650000	190	61.65	23.6	14.75	30.05	31.6
NZ_DS483503	650001	652000	155	60.5	19.65	19.85	31.3	29.2
NZ_DS483503	652001	654000	363	56.1	23.55	20.35	30.0	26.1
NZ_DS483503	654001	656000	200	48.5	24.5	27.0	23.15	25.35
NZ_DS483503	656001	658000	180	47.0	26.8	26.2	24.35	22.65
NZ_DS483503	658001	660000	47	54.85	24.65	20.5	27.9	26.95
NZ_DS483503	660001	662000	0	50.25	27.6	22.15	28.75	21.5
NZ_DS483503	662001	664000	0	45.6	29.25	25.15	27.55	18.05
NZ_DS483503	664001	666000	1	39.0	34.7	26.3	22.75	16.25
NZ_DS483503	666001	668000	119	38.05	29.75	32.2	21.25	16.8
NZ_DS483503	668001	670000	87	54.4	23.35	22.25	27.6	26.8
NZ_DS483503	670001	672000	0	53.4	24.3	22.3	27.6	25.8
NZ_DS483503	672001	674000	0	50.0	25.35	24.65	25.65	24.35
NZ_DS483503	674001	676000	26	40.3	28.35	31.35	22.85	17.45
NZ_DS483503	676001	678000	0	49.7	24.75	25.55	26.4	23.3
NZ_DS483503	678001	680000	0	38.1	34.15	27.75	21.7	16.4
NZ_DS483503	680001	682000	0	39.35	34.1	26.55	23.9	15.45
NZ_DS483503	682001	684000	60	37.85	33.8	28.35	23.35	14.5
NZ_DS483503	684001	686000	60	43.45	31.3	25.25	24.7	18.75
NZ_DS483503	686001	688000	163	45.0	28.7	26.3	25.9	19.1
NZ_DS483503	688001	690000	701	48.25	26.45	25.3	25.15	23.1
NZ_DS483503	690001	692000	487	56.3	24.05	19.65	29.15	27.15
NZ_DS483503	692001	694000	179	47.65	28.65	23.7	23.55	24.1
NZ_DS483503	694001	696000	165	61.05	20.95	18.0	31.6	29.45
NZ_DS483503	696001	698000	239	62.1	20.5	17.4	30.8	31.3
NZ_DS483503	698001	700000	287	58.9	21.85	19.25	29.15	29.75
NZ_DS483503	700001	702000	143	57.7	23.8	18.5	28.2	29.5
NZ_DS483503	702001	704000	213	60.7	18.85	20.45	31.5	29.2
NZ_DS483503	704001	706000	148	58.95	22.85	18.2	31.85	27.1
NZ_DS483503	706001	708000	140	60.1	19.1	20.8	30.8	29.3
NZ_DS483503	708001	710000	148	63.75	16.35	19.9	34.3	29.45
NZ_DS483503	710001	712000	170	63.2	15.8	21.0	32.55	30.65
NZ_DS483503	712001	714000	176	62.65	18.15	19.2	32.05	30.6
NZ_DS483503	714001	716000	206	60.0	21.95	18.05	30.05	29.95
NZ_DS483503	716001	718000	159	60.8	19.55	19.65	31.4	29.4
NZ_DS483503	718001	720000	133	60.0	21.85	18.15	30.65	29.35
NZ_DS483503	720001	722000	148	58.35	22.75	18.9	30.3	28.05
NZ_DS483503	722001	724000	169	61.95	20.2	17.85	31.9	30.05
NZ_DS483503	724001	726000	140	63.45	20.25	16.3	31.8	31.65
NZ_DS483503	726001	728000	116	62.45	19.4	18.15	32.35	30.1
NZ_DS483503	728001	730000	140	51.1	24.1	24.8	26.8	24.3
NZ_DS483503	730001	732000	104	53.6	17.9	28.5	26.75	26.85
NZ_DS483503	732001	734000	67	50.85	23.45	25.7	27.85	23.0
NZ_DS483503	734001	736000	109	50.1	27.85	22.05	28.0	22.1
NZ_DS483503	736001	738000	73	53.65	24.9	21.45	28.45	25.2
NZ_DS483503	738001	740000	4	52.4	26.1	21.5	27.7	24.7
NZ_DS483503	740001	742000	95	52.35	22.25	25.4	27.95	24.4
NZ_DS483503	742001	744000	131	56.2	21.2	22.6	29.35	26.85
NZ_DS483503	744001	746000	156	53.8	24.2	22.0	28.75	25.05
NZ_DS483503	746001	748000	301	50.55	24.8	24.65	26.25	24.3
NZ_DS483503	748001	750000	278	49.45	22.9	27.65	23.5	25.95
NZ_DS483503	750001	752000	438	44.95	27.6	27.45	21.0	23.95
NZ_DS483503	752001	754000	264	50.05	24.9	25.05	23.4	26.65
NZ_DS483503	754001	756000	172	47.85	22.85	29.3	22.6	25.25
NZ_DS483503	756001	758000	0	47.95	24.8	27.25	22.8	25.15
NZ_DS483503	758001	760000	0	38.7	33.6	27.7	17.75	20.95
NZ_DS483503	760001	762000	177	41.05	29.95	29.0	21.7	19.35
NZ_DS483503	762001	764000	300	46.05	27.55	26.4	22.95	23.1
NZ_DS483503	764001	766000	326	55.4	20.65	23.95	26.55	28.85
NZ_DS483503	766001	768000	312	56.9	18.1	25.0	27.0	29.9
NZ_DS483503	768001	770000	351	58.1	16.35	25.55	27.9	30.2
NZ_DS483503	770001	772000	321	56.0	21.0	23.0	28.6	27.4
NZ_DS483503	772001	774000	229	56.75	17.3	25.95	28.2	28.55
NZ_DS483503	774001	776000	306	50.6	23.1	26.3	24.65	25.95
NZ_DS483503	776001	778000	506	50.25	21.9	27.85	23.65	26.6
NZ_DS483503	778001	780000	192	51.95	18.4	29.65	24.5	27.45
NZ_DS483503	780001	782000	322	45.9	24.9	29.2	20.1	25.8
NZ_DS483503	782001	784000	333	47.4	24.9	27.7	22.55	24.85
NZ_DS483503	784001	786000	362	41.2	28.55	30.25	18.25	22.95
NZ_DS483503	786001	788000	312	50.45	20.95	28.6	23.7	26.75
NZ_DS483503	788001	790000	347	56.15	18.1	25.75	26.4	29.75
NZ_DS483503	790001	792000	311	56.0	20.25	23.75	26.75	29.25
NZ_DS483503	792001	794000	253	56.25	16.6	27.15	26.4	29.85
NZ_DS483503	794001	796000	615	37.15	32.0	30.85	16.7	20.45
NZ_DS483503	796001	798000	422	50.65	23.1	26.25	23.75	26.9
NZ_DS483503	798001	800000	67	51.7	26.65	21.65	26.7	25.0
NZ_DS483503	800001	802000	189	50.3	30.5	19.2	26.8	23.5
NZ_DS483503	802001	804000	317	55.4	18.4	26.2	27.5	27.9
NZ_DS483503	804001	806000	244	55.4	18.65	25.95	26.65	28.75
NZ_DS483503	806001	808000	231	54.7	19.2	26.1	27.05	27.65
NZ_DS483503	808001	810000	342	55.85	20.05	24.1	27.45	28.4
NZ_DS483503	810001	812000	283	56.25	17.75	26.0	27.6	28.65
NZ_DS483503	812001	814000	151	55.05	20.8	24.15	28.6	26.45
NZ_DS483503	814001	816000	315	55.15	23.15	21.7	28.35	26.8
NZ_DS483503	816001	818000	477	51.55	20.3	28.15	25.2	26.35
NZ_DS483503	818001	820000	567	53.15	18.0	28.85	26.2	26.95
NZ_DS483503	820001	822000	59	55.25	16.1	28.65	28.15	27.1
NZ_DS483503	822001	824000	139	42.45	26.2	31.35	20.45	22.0
NZ_DS483503	824001	826000	256	47.45	23.6	28.95	23.35	24.1
NZ_DS483503	826001	828000	252	57.65	18.0	24.35	27.7	29.95
NZ_DS483503	828001	830000	118	52.45	21.7	25.85	27.95	24.5
NZ_DS483503	830001	832000	126	45.95	26.7	27.35	25.5	20.45
NZ_DS483503	832001	834000	85	43.0	29.5	27.5	21.8	21.2
NZ_DS483503	834001	836000	105	49.1	24.9	26.0	24.35	24.75
NZ_DS483503	836001	838000	0	50.5	20.35	29.15	25.8	24.7
NZ_DS483503	838001	840000	0	52.75	27.0	20.25	27.4	25.35
NZ_DS483503	840001	842000	1	51.5	26.95	21.55	28.0	23.5
NZ_DS483503	842001	844000	0	53.7	25.7	20.6	27.5	26.2
NZ_DS483503	844001	846000	0	52.95	24.3	22.75	27.45	25.5
NZ_DS483503	846001	848000	11	53.4	23.55	23.05	27.05	26.35
NZ_DS483503	848001	850000	0	54.7	25.45	19.85	27.25	27.45
NZ_DS483503	850001	852000	0	55.25	24.25	20.5	29.55	25.7
NZ_DS483503	852001	854000	0	54.25	24.7	21.05	30.35	23.9
NZ_DS483503	854001	856000	0	57.85	23.85	18.3	29.7	28.15
NZ_DS483503	856001	858000	0	52.55	27.45	20.0	26.6	25.95
NZ_DS483503	858001	860000	0	53.5	26.9	19.6	26.85	26.65
NZ_DS483503	860001	862000	0	56.4	24.7	18.9	28.95	27.45
NZ_DS483503	862001	864000	0	54.25	25.5	20.25	28.25	26.0
NZ_DS483503	864001	866000	2	56.8	24.85	18.35	29.25	27.55
NZ_DS483503	866001	868000	1	55.5	24.8	19.7	28.65	26.85
NZ_DS483503	868001	870000	0	52.3	26.0	21.7	27.6	24.7
NZ_DS483503	870001	872000	0	49.8	27.25	22.95	26.35	23.45
NZ_DS483503	872001	874000	97	46.75	29.05	24.2	25.1	21.65
NZ_DS483503	874001	876000	83	48.0	27.15	24.85	25.7	22.3
NZ_DS483503	876001	878000	129	52.55	25.85	21.6	28.0	24.55
NZ_DS483503	878001	880000	87	52.6	25.25	22.15	28.25	24.35
NZ_DS483503	880001	882000	10	54.15	25.05	20.8	29.05	25.1
NZ_DS483503	882001	884000	97	49.15	26.45	24.4	27.95	21.2
NZ_DS483503	884001	886000	153	54.25	24.05	21.7	28.75	25.5
NZ_DS483503	886001	888000	31	49.95	26.4	23.65	27.75	22.2
NZ_DS483503	888001	890000	16	54.6	24.25	21.15	30.4	24.2
NZ_DS483503	890001	892000	0	47.9	27.0	25.1	27.35	20.55
NZ_DS483503	892001	894000	0	49.65	27.15	23.2	26.15	23.5
NZ_DS483503	894001	896000	38	52.6	27.1	20.3	27.9	24.7
NZ_DS483503	896001	898000	173	50.85	25.9	23.25	25.75	25.1
NZ_DS483503	898001	900000	162	54.8	21.35	23.85	26.55	28.25
NZ_DS483503	900001	902000	173	47.95	25.0	27.05	23.0	24.95
NZ_DS483503	902001	904000	336	47.2	24.25	28.55	22.35	24.85
NZ_DS483503	904001	906000	103	56.4	17.95	25.65	29.45	26.95
NZ_DS483503	906001	908000	207	48.6	23.6	27.8	24.6	24.0
NZ_DS483503	908001	910000	155	56.95	19.9	23.15	26.45	30.5
NZ_DS483503	910001	912000	182	55.4	23.95	20.65	27.9	27.5
NZ_DS483503	912001	914000	142	48.7	23.15	28.15	24.05	24.65
NZ_DS483503	914001	916000	212	54.4	21.5	24.1	26.95	27.45
NZ_DS483503	916001	918000	198	51.85	25.7	22.45	27.1	24.75
NZ_DS483503	918001	920000	171	57.4	19.85	22.75	29.3	28.1
NZ_DS483503	920001	922000	155	54.6	20.4	25.0	27.45	27.15
NZ_DS483503	922001	924000	274	55.1	22.05	22.85	29.0	26.1
NZ_DS483503	924001	926000	238	60.1	21.4	18.5	32.7	27.4
NZ_DS483503	926001	928000	211	62.15	20.4	17.45	28.65	33.5
NZ_DS483503	928001	930000	174	61.95	15.8	22.25	30.65	31.3
NZ_DS483503	930001	932000	180	55.05	24.05	20.9	30.05	25.0
NZ_DS483503	932001	934000	175	60.35	19.6	20.05	31.2	29.15
NZ_DS483503	934001	936000	169	63.6	19.45	16.95	32.85	30.75
NZ_DS483503	936001	938000	159	61.25	17.6	21.15	30.9	30.35
NZ_DS483503	938001	940000	153	69.95	10.35	19.7	37.3	32.65
NZ_DS483503	940001	942000	221	61.8	19.0	19.2	30.35	31.45
NZ_DS483503	942001	944000	215	64.7	19.0	16.3	31.8	32.9
NZ_DS483503	944001	946000	150	56.95	21.55	21.5	29.25	27.7
NZ_DS483503	946001	948000	163	61.75	19.25	19.0	32.65	29.1
NZ_DS483503	948001	950000	154	57.95	21.45	20.6	29.0	28.95
NZ_DS483503	950001	952000	162	63.85	18.35	17.8	33.1	30.75
NZ_DS483503	952001	954000	150	64.55	18.8	16.65	34.25	30.3
NZ_DS483503	954001	956000	140	64.85	18.8	16.35	32.3	32.55
NZ_DS483503	956001	958000	259	62.55	19.15	18.3	32.75	29.8
NZ_DS483503	958001	960000	184	58.7	23.7	17.6	29.75	28.95
NZ_DS483503	960001	962000	218	63.0	20.6	16.4	33.3	29.7
NZ_DS483503	962001	964000	171	61.4	22.35	16.25	31.4	30.0
NZ_DS483503	964001	966000	192	61.7	21.45	16.85	31.2	30.5
NZ_DS483503	966001	968000	179	63.3	21.9	14.8	33.25	30.05
NZ_DS483503	968001	970000	159	65.35	21.25	13.4	33.55	31.8
NZ_DS483503	970001	972000	166	61.45	21.9	16.65	31.3	30.15
NZ_DS483503	972001	974000	183	60.55	23.55	15.9	31.8	28.75
NZ_DS483503	974001	976000	340	56.6	23.6	19.8	27.85	28.75
NZ_DS483503	976001	978000	194	61.1	22.15	16.75	29.4	31.7
NZ_DS483503	978001	980000	185	59.0	22.1	18.9	31.25	27.75
NZ_DS483503	980001	982000	200	56.4	23.15	20.45	29.5	26.9
NZ_DS483503	982001	984000	212	59.85	20.0	20.15	31.05	28.8
NZ_DS483503	984001	986000	179	60.4	19.75	19.85	31.45	28.95
NZ_DS483503	986001	988000	179	57.45	22.95	19.6	29.15	28.3
NZ_DS483503	988001	990000	213	67.3	17.55	15.15	35.7	31.6
NZ_DS483503	990001	992000	229	47.1	27.8	25.1	26.2	20.9
NZ_DS483503	992001	994000	234	46.6	23.65	29.75	24.3	22.3
NZ_DS483503	994001	996000	255	48.15	25.45	26.4	24.0	24.15
NZ_DS483503	996001	998000	573	45.3	27.65	27.05	21.85	23.45
NZ_DS483503	998001	999620	0	44.38	27.96	27.65	22.47	21.91
